0.9820806175294882
0.9795653401072537
0.9912667624992616
0.969458283283776
0.9721862303001662
0.9747848689522085
0.9705511686981865
0.9622065126781273
0.9606856625248608
0.9616800897938287
0.9582274908269829
0.9631668077900085
0.9656873363133333
0.9676282745538206
0.9621428430774078
0.9628911249827699
0.9627335919500621
0.965707684330058
0.9629994289427566
0.9739282830868599
0.7530000196916291
0.36841068861626924
0.23817025382509896
0.17148389552934382
0.04215977787842388
0.0
0.0
0.0
0.0
0.0
0.0
0.0
0.0
0.0
0.0
0.0
0.0
0.0
0.0
0.0
0.0
0.0
0.0
0.0
0.0
0.0
0.0
0.0
0.0
0.0
0.0
0.0
0.0
0.0
0.0
0.0
0.0
0.0
0.0
0.0
0.0
0.0
0.0
0.0
0.0
0.0
0.0
0.0
0.0
0.0
0.0
0.0
0.0
0.0
0.0
0.0
0.0
0.0
0.0
0.0
0.0
0.0
0.0
0.0
0.0
0.0
0.0
0.0
0.0
0.0
0.0
0.0
0.0
0.0
0.0
0.0
0.0
0.0
0.0
0.0
0.0
0.0
0.0
0.0
0.0
0.0
0.0
0.0
0.0
0.0
0.0
0.0
0.0
0.0
0.0
0.0
0.0
0.0
0.0
0.0
0.0
0.0
0.0
0.0
0.0
0.0
0.0
0.0
0.0
0.0
0.0
0.0
0.0
0.0
0.0
0.0
0.0
0.0
0.0
0.0
0.0
0.0
0.0
0.0
0.0
0.0
0.0
0.0
0.0
0.0
0.0
0.0
0.0
0.0
0.0
0.0
0.0
0.0
0.0
0.0
0.0
0.0
0.0
0.0
0.0
0.0
0.0
0.0
0.0
0.00029537443632711734
0.00023629954906169388
0.0
0.0
0.0
0.0
0.0
0.0
0.0
0.0
0.0
0.0
0.0
0.0
0.0
0.0
0.9007344977650001
0.9688183053384007
0.9673118957131324
0.969576433058307
0.9623443540817467
0.9595140105940965
0.9628714333536814
0.961945926786523
0.9594647815213753
0.9619675875785204
0.960862887186657
0.9607053541539492
0.9583620502924207
0.961197644881161
0.9656774904987889
0.9690250674438297
0.9674352965887535
0.9715948250398756
0.9712403757162831
0.9665242305495935
0.9641316976153438
0.9672626666404112
0.9624730060584579
0.9583718961069649
0.9514207510387336
0.953724671642085
0.9112892109564225
0.5047161451666896
0.28828151152944886
0.185839749522478
0.0625209223559065
0.0
0.0
0.0
0.0
0.0
0.0
0.0
0.0
0.0
0.0
0.0
0.0
0.0
0.0
0.0
0.0
0.0
0.0
0.0
0.0
0.0
0.0
0.0
0.0
0.0
0.0
0.0
0.0
0.0
0.0
0.0
0.0
0.0
0.0
0.0
0.0
0.0
0.0
0.0
0.0
0.0
0.0
0.0
0.0
0.0
0.0
0.0
0.0
0.0
0.0
0.0
0.0
0.0
0.0
0.0
0.0
0.0
0.0
0.0
0.0
0.0
0.0
0.0
0.0
0.0
0.0
0.0
0.0
0.0
0.0
0.0
0.0
0.0
0.0
0.0
0.0
0.0
0.0
0.0
0.0
0.0
0.0
0.0
0.0
0.0
0.0
0.0
0.0
0.0
0.0
0.0
0.0
0.0
0.0
0.0
0.0
0.0
0.0
0.0
0.0
0.0
0.0
0.0
0.0
0.0
0.0
0.0
0.0
0.0
0.0
0.0
0.0
0.0
0.0
0.0
0.0
0.0
0.0
0.0
0.0
0.0
0.0
0.0
0.0
0.0
0.0
0.0
0.0
0.0
0.0
0.0
0.0
0.0
0.0
0.0
0.0
0.0
0.0
0.0
0.0
0.0
0.0
0.0
0.0008073567926274541
0.0
0.0
0.0
0.0
0.0
0.0
0.0
0.0
0.0
0.0
0.0
0.0
0.0
0.0
0.0
0.0
0.0
0.8803438158438848
0.951981962467755
0.9595238564086407
0.9593118432021216
0.9588149577614556
0.9607545832266704
0.9704822479963767
0.9718803536616585
0.9752187411797912
0.9759368292538841
0.9743713447413506
0.9702164110036824
0.9674497371167518
0.9776795384282143
0.9616308607211076
0.9603226801619965
0.9634031073390702
0.968867534411122
0.9625071382155446
0.9676171159640038
0.9679420278439635
0.9675180014309251
0.9672626666404112
0.963974164582636
0.5874505247819153
0.33718961069649295
0.22058300349854612
0.14771675560719139
0.06780812476616191
0.0
0.0
0.0
0.0
0.0
0.0
0.0
0.0
0.0
0.0
0.0
0.0
0.0
0.0
0.0
0.0
0.0
0.0
0.0
0.0
0.0
0.0
0.0
0.0
0.0
0.0
0.0
0.0
0.0
0.0
0.0
0.0
0.0
0.0
0.0
0.0
0.0
0.0
0.0
0.0
0.0
0.0
0.0
0.0
0.0
0.0
0.0
0.0
0.0
0.0
0.0
0.0
0.0
0.0
0.0
0.0
0.0
0.0
0.0
0.0
0.0
0.0
0.0
0.0
0.0
0.0
0.0
0.0
0.0
0.0
0.0
0.0
0.0
0.0
0.0
0.0
0.0
0.0
0.0
0.0
0.0
0.0
0.0
0.0
0.0
0.0
0.0
0.0
0.0
0.0
0.0
0.0
0.0
0.0
0.0
0.0
0.0
0.0
0.0
0.0
0.0
0.0
0.0
0.0
0.0
0.0
0.0
0.0
0.0
0.0
0.0
0.0
0.0
0.0
0.0
0.0
0.0
0.0
0.0
0.0
0.0
0.0
0.0
0.0
0.0
0.0
0.0
0.0
0.0
0.0
0.0
0.0
0.0
0.0
0.0
0.0
0.0
0.0
0.0
0.0
0.0
0.0
0.0
0.0
0.0
0.0
0.0
0.0
0.0
0.0
0.0
0.0
0.0
0.0
0.0
0.0
0.0
0.0
0.0
0.0
0.0
0.0
0.0
0.0
0.0
0.0
0.0
0.0
0.0
0.0
0.0
0.0
0.0
0.0
0.0
0.0
0.0
0.0
0.0
0.0
0.0
0.0
0.0
0.0
0.0
0.0
0.0
0.0
0.0
0.0
0.0
0.0
0.0
0.0
0.0
0.0
0.0
0.0
0.0
0.0
0.0
0.0
0.0
0.0
0.0
0.0
0.0
0.0
0.0
0.0
0.0
0.0
0.0
0.0
0.0
0.0
0.0
0.0
0.0
0.0
0.0
0.0
0.0
0.0
0.0
0.0
0.0
0.0
0.0
0.0
0.0
0.0
0.0
0.0
0.0
0.0
0.0
0.0
0.0
0.0
0.0
0.0
0.0
0.0
0.0
0.0
0.0
0.0
0.0
0.0
0.0
0.0
0.0
0.0
0.0
0.0
0.0
0.0
0.0
0.0
0.0
0.0
0.0
0.0
0.0
0.0
0.0
0.0
0.0
0.0
0.0
0.0
0.0
0.0
0.0
0.0
0.0
0.0
0.0
0.0
0.0
0.0
0.0
0.0
0.0
0.0
0.0
0.0
0.0
0.0
0.0
0.0
0.0
0.0
0.0
0.0
0.0
0.0
0.0
0.0
0.0
0.0
0.0
0.0
0.0
0.0
0.0
0.0
0.0
0.0
0.0
0.0
0.0
0.0
0.0
0.0
0.0
0.0
0.0
0.0
0.0
0.0
0.0
0.0
0.0
0.0
0.0
0.0
0.0
0.0
0.0
0.0
0.0
0.0
0.0
0.0
0.0
0.0
0.0
0.0
0.0
0.0
0.0
0.0
0.0
0.0
0.0
0.0
0.0
0.0
0.0
0.0
0.0
0.0
0.0
0.0
0.0
0.0
0.0
0.0
0.0
0.0
0.0
0.0
0.0
0.0
0.0
0.0
0.0
0.0
0.0
0.0
0.0
0.0
0.0
0.0
0.0
0.0
0.0
0.0
0.0
0.0
0.0
0.0
0.0
0.0
0.0
0.0
0.0
0.0
0.0
0.0
0.0
0.0
0.0
0.0
0.0
0.0
0.0
0.0
0.0
0.0
0.0
0.0
0.0
0.0
0.0
0.0
0.0
0.0
0.0
0.0
0.0
0.0
0.0
0.0
0.0
0.0
0.0
0.0
0.0
0.0
0.0
0.0
0.0
0.0
0.0
0.0
0.0
0.0
0.0
0.0
0.0
0.0
0.0
0.0
0.0
0.0
0.0
0.0008368942362601659
0.0
0.0
0.0
0.0
0.0
0.0
0.0
0.0
0.0
0.0
0.0
0.9044069865900006
0.9721658822834414
0.9753854636394069
0.9731235518447775
0.9675383494476498
0.9684146269420869
0.9690349132583739
0.9689758383711085
0.9681881732075696
0.9683726181333648
0.9716046708544198
0.9761435913593132
0.979077644093496
0.977334934919166
0.976468503239273
0.9748144063958412
0.9729338558178919
0.9739506002664935
0.9699013449382669
0.9712108382726504
0.7953252072543963
0.4120670303054172
0.2461355177913869
0.17709666620719533
0.040084280172498675
0.0
0.0
0.0
0.0
0.0
0.0
0.0
0.0
0.0
0.0
0.0
0.0
0.0
0.0
0.0
0.0
0.0
0.0
0.0
0.0
0.0
0.0
0.0
0.0
0.0
0.0
0.0
0.0
0.0
0.0
0.0
0.0
0.0
0.0
0.0
0.0
0.0
0.0
0.0
0.0
0.0
0.0
0.0
0.0
0.0
0.0
0.0
0.0
0.0
0.0
0.0
0.0
0.0
0.0
0.0
0.0
0.0
0.0
0.0
0.0
0.0
0.0
0.0
0.0
0.0
0.0
0.0
0.0
0.0
0.0
0.0
0.0
0.0
0.0
0.0
0.0
0.0
0.0
0.0
0.0
0.0
0.0
0.0
0.0
0.0
0.0
0.0
0.0
0.0
0.0
0.0
0.0
0.0
0.0
0.0
0.0
0.0
0.0
0.0
0.0
0.0
0.0
0.0
0.0
0.0
0.0
0.0
0.0
0.0
0.0
0.0
0.0
0.0
0.0
0.0
0.0
0.0
0.0
0.0
0.0
0.0
0.0
0.0
0.0
0.0
0.0
0.0
0.0
0.0
0.0
0.0
0.0
0.0
0.0
0.0
0.0
0.0
0.0
0.0
0.0
0.0
0.0
0.0
0.0
0.0
0.0
0.0
0.0
0.0
0.0
0.0
0.0
0.0
0.0
0.0
0.0
0.0
0.0
0.0
0.0
0.0
0.0
0.0007535330064522905
0.0
0.0
0.0
0.0
0.8988047181143296
0.9743319614831736
0.985142665852746
0.9810356484125266
0.981115727704153
0.9812929523659493
0.969822578421913
0.9726680188251975
0.9693283185317921
0.9673217415276766
0.9628222042809602
0.9658350235314969
0.9621428430774078
0.961945926786523
0.966939067535724
0.966012248193293
0.9648307504479846
0.9634917196699684
0.960734891597582
0.9665340763641377
0.9655606534995308
0.9825138333694348
0.9797766969261368
0.9776992300573027
0.9810960360750646
0.9735095077749116
0.9720575783234547
0.934338262804482
0.5396294035405549
0.299135537483016
0.20197703956048285
0.14833704192347832
0.009327268311574084
0.0
0.0
0.0
0.0
0.0
0.0
0.0
0.0
0.0
0.0
0.0
0.0
0.0
0.0
0.0
0.0
0.0
0.0
0.0
0.0
0.0
0.0
0.0
0.0
0.0
0.0
0.0
0.0
0.0
0.0
0.0
0.0
0.0
0.0
0.0
0.0
0.0
0.0
0.0
0.0
0.0
0.0
0.0
0.0
0.0
0.0
0.0
0.0
0.0
0.0
0.0
0.0
0.0
0.0
0.0
0.0
0.0
0.0
0.0
0.0
0.0
0.0
0.0
0.0
0.0
0.0
0.0
0.0
0.0
0.0
0.0
0.0
0.0
0.0
0.0
0.0
0.0
0.0
0.0
0.0
0.0
0.0
0.0
0.0
0.0
0.0
0.0
0.0
0.0
0.0
0.0
0.0
0.0
0.0
0.0
0.0
0.0
0.0
0.0
0.0
0.0
0.0
0.0
0.0
0.0
0.0
0.07279010692554595
0.19801377101260922
0.1978713348955359
0.19849162121182287
0.19836362562274779
0.19890514542268084
0.1989878502648524
0.19910206171356556
0.20123860346966504
0.2025677884331371
0.20287300868400843
0.202439792844062
0.2032077663785125
0.20169873120269907
0.20314869149124706
0.2007463127424532
0.20072662111336473
0.2009826122915149
0.2014059823169171
0.20142567394600555
0.2017013567532442
0.20395014079514798
0.20469448437469234
0.20463540948742692
0.20417265620384775
0.2044778764547191
0.16061477266014218
0.0
0.0
0.0
0.0
0.0
0.0
0.0
0.0
0.0
0.0
0.0
0.0
0.0
0.0
0.0
0.0
0.0
0.0
0.0
0.0
0.0
0.0
0.0
0.0
0.0
0.0
0.0
0.0
0.0
0.0
0.0
0.0
0.0
0.0
0.0
0.0
0.0
0.0
0.0
0.0
0.0
0.0
0.0
0.0
0.0
0.0
0.0
0.0
0.0
0.0
0.0
0.0
0.0
0.0
0.0
0.0
0.0
0.0
0.0
0.0
0.0
0.0
0.0
0.0
0.0
0.0
0.0
0.0
0.0
0.0
0.0
0.0
0.0
0.0
0.0
0.0
0.0
0.0
0.0
0.0
0.0
0.0
0.0
0.0
0.0
0.0
0.0
0.0
0.0
0.0
0.0
0.0
0.0
0.0
0.0
0.0
0.0
0.0
0.0
0.0
0.0
0.0
0.0
0.0
0.0
0.0
0.0
0.0
0.0
0.0
0.0
0.0
0.0
0.06819211153338717
0.0
0.0
0.0
0.0
0.0
0.0
0.0
0.0
0.876287340251659
0.9617982395683595
0.9667552789975649
0.9648602878916174
0.9696748912037493
0.9681980190221138
0.9613059488411477
0.9669771380186283
0.9700359044037047
0.9885690093141407
0.9848177539727863
0.9876238111178939
0.980741586751472
0.9996849339345845
0.9969333569632882
0.9932457712226532
1.0
0.9794419392316327
0.9732587676978517
0.9759263270517037
0.9642400015753304
0.9691530630329048
0.9375184609022705
0.5217592501427644
0.29437016324360515
0.1866188816467453
0.1402142449244826
0.08013508457554694
0.0
0.0
0.0
0.0
0.0
0.0
0.0
0.0
0.0
0.0
0.0
0.0
0.0
0.0
0.0
0.0
0.0
0.0
0.0
0.0
0.0
0.0
0.0
0.0
0.0
0.0
0.0
0.0
0.0
0.0
0.0
0.0
0.0
0.0
0.0
0.0
0.0
0.0
0.0
0.0
0.0
0.0
0.0
0.0
0.0
0.0
0.0
0.0
0.0
0.0
0.0
0.0
0.0
0.0
0.0
0.0
0.0
0.0
0.0
0.0
0.0
0.0
0.0
0.0
0.0
0.0
0.0
0.0
0.0
0.0
0.0
0.0
0.0
0.0
0.0
0.0
0.0
0.0
0.0
0.0
0.0
0.0
0.0
0.0
0.0
0.0
0.0
0.0
0.0
0.0
0.0
0.0
0.0
0.0
0.0
0.0
0.0
0.0
0.0
0.0
0.0
0.0
0.0
0.0
0.0
0.0
0.0
0.0
0.0
0.0
0.0
0.0
0.0
0.0
0.0
0.0
0.0
0.0
0.0
0.0
0.0
0.0
0.0
0.0
0.0
0.0
0.0
0.0
0.0
0.0
0.0
0.0
0.0
0.0
0.0
0.0
0.0
0.0
0.0
0.0
0.0
0.0
0.0
0.0
0.0
0.0
0.0
0.0
0.0
0.0007778193489947424
0.0
0.0
0.0
0.0
0.0
0.0
0.0
0.0
0.0
0.0
0.0
0.0
0.0
0.0
0.8955260618710987
0.9632173496380023
0.9664060807750626
0.9651655081424887
0.9704527105527441
0.965638107240612
0.9622806844810271
0.9622892175202988
0.9581355965579033
0.9646633716007326
0.9733276883996613
0.9695272039855858
0.9712206840871946
0.9794366881305425
0.9632554201209066
0.9619754642301559
0.9636000236299549
0.9652344288442983
0.7267589547683281
0.3603082396339983
0.22384459366323375
0.15316149105015459
0.053561231120650615
0.0
0.0
0.0
0.0
0.0
0.0
0.0
0.0
0.0
0.0
0.0
0.0
0.0
0.0
0.0
0.0
0.0
0.0
0.0
0.0
0.0
0.0
0.0
0.0
0.0
0.0
0.0
0.0
0.0
0.0
0.0
0.0
0.0
0.0
0.0
0.0
0.0
0.0
0.0
0.0
0.0
0.0
0.0
0.0
0.0
0.0
0.0
0.0
0.0
0.0
0.0
0.0
0.0
0.0
0.0
0.0
0.0
0.0
0.0
0.0
0.0
0.0
0.0
0.0
0.0
0.0
0.0
0.0
0.0
0.0
0.0
0.0
0.0
0.0
0.0
0.0
0.0
0.0
0.0
0.0
0.0
0.0
0.0
0.0
0.0
0.0
0.0
0.0
0.0
0.0
0.0
0.0
0.0
0.0
0.0
0.0
0.0
0.0
0.0
0.0
0.0
0.0
0.0
0.0
0.0
0.0
0.0
0.0
0.0
0.0
0.0
0.0
0.0
0.0
0.0
0.0
0.0
0.0
0.0
0.0
0.0
0.0
0.0
0.0
0.0
0.0
0.0
0.0
0.0
0.0
0.0
0.0
0.0
0.0
0.0
0.0
0.0
0.0
0.0
0.0
0.0
0.0
0.0
0.0
0.0
0.0
0.0
0.0
0.0
0.0
0.0
0.0
0.0
0.0
0.0
0.0
0.0
0.0
0.0
0.0
0.0
0.0
0.0
0.0
0.0
0.0
0.0
0.000561211429021523
0.0
0.901472933855818
0.9712896047890043
0.9705137546029183
0.9686213890475159
0.9698619616800899
0.9678041864403443
0.9678829529566981
0.9674694287458402
0.9675088120040172
0.965884252604218
0.9627139003209736
0.9729376426696397
0.9764094283520076
0.9799421066104799
0.9796585471516058
0.9726581730106533
0.9668885256877302
0.9665340763641377
0.9658744067896737
0.9746214284307742
0.9622216095937617
0.9594450898922868
0.9612665655829706
0.9588543410196325
0.9610991867357187
0.9615520942047536
0.9423822932871236
0.5364695534594911
0.288886044542465
0.19469113679774727
0.1466140243782368
0.0
0.0
0.0
0.0
0.0
0.0
0.0
0.0
0.0
0.0
0.0
0.0
0.0
0.0
0.0
0.0
0.0
0.0
0.0
0.0
0.0
0.0
0.0
0.0
0.0
0.0
0.0
0.0
0.0
0.0
0.0
0.0
0.0
0.0
0.0
0.0
0.0
0.0
0.0
0.0
0.0
0.0
0.0
0.0
0.0
0.0
0.0
0.0
0.0
0.0
0.0
0.0
0.0
0.0
0.0
0.0
0.0
0.0
0.0
0.0
0.0
0.0
0.0
0.0
0.0
0.0
0.0
0.0
0.0
0.0
0.0
0.0
0.0
0.0
0.0
0.0
0.0
0.0
0.0
0.0
0.0
0.0
0.0
0.0
0.0
0.0
0.0
0.0
0.0
0.0
0.0
0.0
0.0
0.0
0.0
0.0
0.0
0.0
0.0
0.0
0.0
0.0
0.0
0.0
0.0
0.0
0.0
0.0
0.0
0.0
0.0
0.0
0.0
0.0
0.0
0.0
0.0
0.0
0.0
0.0
0.0
0.0
0.0
0.0
0.0
0.0
0.0
0.0
0.0
0.0
0.0
0.0
0.0
0.0
0.0
0.0
0.0
0.0
0.0
0.0
0.0
0.0
0.0
0.0
0.0
0.0
0.0
0.0
0.0
0.0
0.0
0.0
0.0
0.0
0.0
0.0
0.0
0.0
0.0
0.0
0.0
0.0
0.0
0.0
0.0
0.0
0.0
0.0
0.0
0.0
0.0
0.0
0.0
0.0
0.0
0.0
0.0
0.0
0.0
0.0
0.0
0.0
0.0
0.0
0.0
0.0
0.0
0.0
0.0
0.0
0.0
0.0
0.0
0.0
0.0
0.0
0.0
0.0
0.0
0.0
0.0
0.0
0.0
0.0
0.0
0.0
0.0
0.0
0.0
0.0
0.0
0.014640726227280782
0.2019376563023059
0.201505753237632
0.20156351534962488
0.2021444184077349
0.20241025540042928
0.19991926432073728
0.1988165330917827
0.19884607053541542
0.1989878502648524
0.1991119075281098
0.1993777445208042
0.1993777445208042
0.20104168717878032
0.20207549770592523
0.20381229939152867
0.20200657700411556
0.2022822598113542
0.2018293523423193
0.20241025540042928
0.20188842722958472
0.20293930383527298
0.20346375755666268
0.20008664316798933
0.19763503534647422
0.19587263454305576
0.1950062028631629
0.20256253733204682
0.20249886773132744
0.20300100427308354
0.1983439339936593
0.20035248016068372
0.2023905637713408
0.19681783273930253
0.1970029340527342
0.1936671720851466
0.19735935253923556
0.19981096036075066
0.2002737136443298
0.1987180749463403
0.19922677536445924
0.20043124667703763
0.20001772246617966
0.14270523600417462
0.0
0.0
0.0
0.0
0.5426717602347243
0.9738495165705059
0.9732193844396748
0.9742170936468242
0.9685229309020736
0.9681192525057599
0.9716243624835084
0.9740759703050234
0.9679912569166848
0.9706515960065377
0.9646239883425556
0.970531477069098
0.980406829056968
0.9851918949254673
0.9806405030554844
0.9734163007305595
0.973770750054152
0.9749325561703721
0.9704428647381999
0.9750507059449028
0.9570971913173043
0.963521257113601
0.9456018746430892
0.5550971781895516
0.3153712856664632
0.1973101234665144
0.15048342949412208
0.040010764757235036
0.0
0.0
0.0
0.0
0.0
0.0
0.0
0.0
0.0
0.0
0.0
0.0
0.0
0.0
0.0
0.0
0.0
0.0
0.0
0.0
0.0
0.0
0.0
0.0
0.0
0.0
0.0
0.0
0.0
0.0
0.0
0.0
0.0
0.0
0.0
0.0
0.0
0.0
0.0
0.0
0.0
0.0
0.0
0.0
0.0
0.0
0.0
0.0
0.0
0.0
0.0
0.0
0.0
0.0
0.0
0.0
0.0
0.0
0.0
0.0
0.0
0.0
0.0
0.0
0.0
0.0
0.0
0.0
0.0
0.0
0.0
0.0
0.0
0.0
0.0
0.0
0.0
0.0
0.0
0.0
0.0
0.0
0.0
0.0
0.0
0.0
0.0
0.0
0.0
0.0
0.0
0.0
0.0
0.0
0.0
0.0
0.0
0.0
0.0
0.0
0.0
0.0
0.0
0.0
0.0
0.0
0.0
0.0
0.0
0.0
0.0
0.0
0.0
0.0
0.0
0.0
0.0
0.0
0.0
0.0
0.0
0.0
0.0
0.0
0.0
0.0
0.0
0.0
0.0
0.0
0.0
0.0
0.0
0.0
0.0
0.0
0.0
0.0
0.0
0.0
0.0
0.0
0.0
0.0
0.0
0.0
0.0
0.0
0.0
0.0
0.0
0.0
0.0
0.0
0.0
0.0
0.0
0.0
0.0
0.0
0.0
0.0
0.0
0.0
0.0
0.0
0.0
0.0
0.0
0.0
0.0
0.0
0.0
0.0
0.0
0.0
0.0
0.0
0.0
0.0
0.0
0.0
0.0
0.0
0.0
0.0
0.0
0.0
0.0
0.0
0.0
0.0
0.0
0.0
0.0
0.0
0.0
0.0
0.0
0.0
0.0
0.0
0.0
0.0
0.0
0.0
0.0
0.0
0.0
0.0
0.0
0.0
0.0
0.0
0.0
0.0
0.0
0.0
0.0
0.0
0.0
0.0
0.0
0.0
0.0
0.0
0.0
0.0
0.0
0.0
0.0
0.0
0.0
0.0
0.0
0.0
0.0
0.0
0.0
0.0
0.0
0.0
0.0
0.0
0.0
0.0
0.0
0.0
0.0
0.0
0.0
0.0
0.0
0.0
0.0
0.0
0.0
0.0
0.8883681546974382
0.9600971857632552
0.9636098694444991
0.9591428991228137
0.9586377330996594
0.95473550860196
0.962192072150129
0.9624776007719119
0.9667001424361171
0.9658153319024083
0.9616620391338309
0.9733440980905683
0.9704231731091113
0.9741251993777446
0.9840391772534419
0.9741464057475321
0.9711320717562965
0.973382976435179
0.9667453826916639
0.97534608038123
0.9671543626804247
0.9660201248449285
0.959366323375933
0.9651884817097586
0.9653131953606522
0.9651064332552233
0.9587611844666372
0.9445877557450327
0.5638455630972812
0.31225319193733825
0.18937439694385919
0.14062579997243174
0.0
0.0
0.0
0.0
0.0
0.0
0.0
0.0
0.0
0.0
0.0
0.0
0.0
0.0
0.0
0.0
0.0
0.0
0.0
0.0
0.0
0.0
0.0
0.0
0.0
0.0
0.0
0.0
0.0
0.0
0.0
0.0
0.0
0.0
0.0
0.0
0.0
0.0
0.0
0.0
0.0
0.0
0.0
0.0
0.0
0.0
0.0
0.0
0.0
0.0
0.0
0.0
0.0
0.0
0.0
0.0
0.0
0.0
0.0
0.0
0.0
0.0
0.0
0.0
0.0
0.0
0.0
0.0
0.0
0.0
0.0
0.0
0.0
0.0
0.0
0.0
0.0
0.0
0.0
0.0
0.0
0.0
0.0
0.0
0.0
0.0
0.0
0.0
0.0
0.0
0.0
0.0
0.0
0.0
0.0
0.0
0.0
0.0
0.0
0.0
0.0
0.0
0.0
0.0
0.0
0.0
0.0
0.0
0.0
0.0
0.0
0.0
0.0
0.0
0.0
0.0
0.0
0.0
0.0
0.0
0.0
0.0
0.0
0.0
0.0
0.0
0.0
0.0
0.0
0.0
0.0
0.0
0.0
0.0
0.0
0.0
0.0
0.0
0.0
0.0
0.0
0.0
0.0
0.0
0.0
0.0
0.0
0.0
0.0
0.0
0.0
0.0
0.0
0.0
0.0
0.0
0.0
0.0
0.0
0.0
0.8922474056278676
0.9593958608195656
0.9608825788157455
0.9597503101431581
0.9580528917157316
0.9548077112419512
0.951233680562393
0.9552901561546188
0.9572717904285556
0.9544532619183587
0.9733079967705729
0.9731307721087766
0.9621697549704954
0.9665734596223146
0.9576925349034127
0.9554575350018707
0.9585674996225771
0.9592481736014021
0.9616800897938287
0.9537798082035327
0.9548372486855838
0.956255045979954
0.9494122048717091
0.7044430879099962
0.3706949175905323
0.22391351436504342
0.15776933225685763
0.059896684586049145
0.0
0.0
0.0
0.0
0.0
0.0
0.0
0.0
0.0
0.0
0.0
0.0
0.0
0.0
0.0
0.0
0.0
0.0
0.0
0.0
0.0
0.0
0.0
0.0
0.0
0.0
0.0
0.0
0.0
0.0
0.0
0.0
0.0
0.0
0.0
0.0
0.0
0.0
0.0
0.0
0.0
0.0
0.0
0.0
0.0
0.0
0.0
0.0
0.0
0.0
0.0
0.0
0.0
0.0
0.0
0.0
0.0
0.0
0.0
0.0
0.0
0.0
0.0
0.0
0.0
0.0
0.0
0.0
0.0
0.0
0.0
0.0
0.0
0.0
0.0
0.0
0.0
0.0
0.0
0.0
0.0
0.0
0.0
0.0
0.0
0.0
0.0
0.0
0.0
0.0
0.0
0.0
0.0
0.0
0.0
0.0
0.0
0.0
0.0
0.0
0.0
0.0
0.0
0.0
0.0
0.0
0.0
0.0
0.0
0.0
0.0
0.0
0.0
0.0
0.0
0.0
0.0
0.0
0.0
0.0
0.0
0.0
0.0
0.0
0.0
0.0
0.0
0.0
0.0
0.0
0.0
0.0
0.0
0.0
0.0
0.0
0.0
0.0
0.0
0.0
0.0
0.0
0.0
0.0
0.0
0.0
0.0
0.0
0.0
0.0
0.0
0.0
0.0
0.0
0.0
0.0
0.0
0.0
0.0
0.0
0.0
0.0
0.0
0.0
0.0
0.0
0.0
0.0
0.0
0.0
0.0
0.0
0.0
0.0
0.0
0.0
0.0
0.0
0.0
0.0
0.0
0.0
0.0
0.0
0.0
0.0
0.0
0.0
0.0
0.0
0.0
0.0
0.0
0.0
0.0
0.0
0.0
0.0
0.0
0.0
0.0
0.0
0.0
0.0
0.0
0.0
0.0
0.0
0.0
0.0
0.0
0.0
0.0
0.0
0.0
0.0
0.0
0.0
0.0
0.0
0.0
0.0
0.0
0.0
0.0
0.0
0.0
0.0
0.0
0.0
0.0
0.0
0.0
0.0
0.0
0.0
0.0
0.0
0.0
0.0
0.0
0.0
0.0
0.0
0.0
0.0
0.0
0.0
0.0
0.0
0.0
0.0
0.0
0.0
0.0
0.0
0.0
0.0
0.0
0.0
0.0
0.0
0.0
0.0
0.0
0.0
0.0
0.0
0.0
0.0
0.0
0.0
0.0
0.0
0.0
0.0
0.0
0.0
0.0
0.0
0.0
0.0
0.0
0.0
0.0
0.0
0.0
0.0
0.0
0.0
0.0
0.0
0.0
0.0
0.0
0.0
0.0
0.0
0.0
0.0
0.0
0.0
0.0
0.0
0.0
0.0
0.0
0.0
0.0
0.0
0.0
0.0
0.0
0.0
0.0
0.0
0.0
0.0
0.0
0.0
0.864994190969419
0.9437541434469541
0.9412697162436249
0.9429139672725125
0.9389854872693618
0.9418978792115472
0.9517161254750606
0.9495402004607841
0.0
0.0
0.0
0.0
0.0
0.0
0.0
0.0
0.0
0.0
0.0
0.0
0.0
0.0
0.0
0.0
0.0
0.0
0.0
0.0
0.0
0.0
0.0
0.0
0.0
0.0
0.0
0.0
0.9138392769233799
0.9651556623279445
0.9684369441217207
0.9687592304511352
0.9643483055353169
0.9544040328456374
0.9603134907350885
0.9547584821692299
0.9539806628202352
0.957879605379753
0.953513314823202
0.9544926451765355
0.950820156351535
0.9493964515684383
0.9502589449225135
0.9448831301813599
0.9504361695843098
0.8557653808032872
0.4848768288600516
0.29641809266880653
0.20921371325049723
0.1522504250109945
0.020489140066557707
0.0
0.0
0.0
0.0
0.0
0.0
0.0
0.0
0.0
0.0
0.0
0.0
0.0
0.0
0.0
0.0
0.0
0.0
0.0
0.0
0.0
0.0
0.0
0.0
0.0
0.0
0.0
0.0
0.0
0.0
0.0
0.0
0.0
0.0
0.0
0.0
0.0
0.0
0.0
0.0
0.0
0.0
0.0
0.0
0.0
0.0
0.0
0.0
0.0
0.0
0.0
0.0
0.0
0.0
0.0
0.0
0.0
0.0
0.0
0.0
0.0
0.0
0.0
0.0
0.0
0.0
0.0
0.0
0.0
0.0
0.0
0.0
0.0
0.0
0.0
0.0
0.0
0.0
0.0
0.0
0.0
0.0
0.0
0.0
0.0
0.0
0.0
0.0
0.0
0.0
0.0
0.0
0.0
0.0
0.0
0.0
0.0
0.0
0.0
0.0
0.0
0.0
0.0
0.0
0.0
0.0
0.0
0.0
0.0
0.0
0.0
0.0
0.0
0.0
0.0
0.0
0.0
0.0
0.0
0.0
0.0
0.0
0.0
0.0
0.0
0.0
0.0
0.0
0.0
0.0
0.0
0.0
0.0
0.0
0.0
0.0
0.0
0.0
0.0
0.0
0.0
0.0
0.0
0.0
0.0
0.0
0.0
0.0
0.0
0.0
0.0
0.0
0.0
0.0
0.0
0.0
0.0
0.0
0.0
0.0
0.0
0.0
0.0
0.0
0.0
0.0
0.0
0.00027568280723864287
0.000521828170844574
0.8959395860819567
0.9617096272374615
0.9644946799782079
0.9656676446842447
0.9552803103400745
0.9581749798160802
0.9538808918995202
0.956048283874525
0.9574759269834393
0.963560640371778
0.9713316135977264
0.96547072839336
0.9643778429789498
0.9560975129472461
0.7028625064818279
0.3929563042750527
0.2491483370419235
0.1712482523679184
0.10876605688255257
0.0
0.0
0.0
0.0
0.0
0.0
0.0
0.0
0.0
0.0
0.0
0.0
0.0
0.0
0.0
0.0
0.0
0.0
0.0
0.0
0.0
0.0
0.0
0.0
0.0
0.0
0.0
0.0
0.0
0.0
0.0
0.0
0.0
0.0
0.0
0.0
0.0
0.0
0.0
0.0
0.0
0.0
0.0
0.0
0.0
0.0
0.0
0.0
0.0
0.0
0.0
0.0
0.0
0.0
0.0
0.0
0.0
0.0
0.0
0.0
0.0
0.0
0.0
0.0
0.0
0.0
0.0
0.0
0.0
0.0
0.0
0.0
0.0
0.0
0.0
0.0
0.0
0.0
0.0
0.0
0.0
0.0
0.0
0.0
0.0
0.0
0.0
0.0
0.0
0.0
0.0
0.0
0.0
0.0
0.0
0.0
0.0
0.0
0.0
0.0
0.0
0.0
0.0
0.0
0.0
0.0
0.0
0.0
0.0
0.0
0.0
0.0
0.0
0.0
0.0
0.0
0.0
0.0
0.0
0.0
0.0
0.0
0.0
0.0
0.0
0.0
0.0
0.0
0.0
0.0
0.0
0.0
0.0
0.0
0.0
0.0
0.0
0.0
0.0
0.0
0.0
0.0
0.0
0.0
0.0
0.0
0.0
0.0
0.0
0.0
0.0
0.0
0.0
0.0
0.0
0.0
0.0
0.0
0.0
0.0
0.0
0.0
0.0
0.0
0.0
0.0
0.0
0.0
0.0
0.0
0.0
0.0
0.0
0.0
0.0
0.0
0.0
0.0
0.0
0.0
0.0
0.0
0.0
0.0
0.0
0.0
0.0
0.0
0.0
0.0
0.0
0.0
0.0
0.0
0.0
0.0
0.0
0.0
0.0
0.0
0.0
0.0
0.0
0.0
0.0
0.0
0.0
0.0
0.0
0.0
0.0
0.0
0.0
0.0
0.0
0.0
0.0
0.0
0.0
0.0
0.0
0.0
0.0
0.0
0.0
0.0
0.0
0.0
0.0
0.0
0.0
0.0
0.0
0.0
0.0
0.0
0.0
0.0
0.0
0.0
0.0
0.0
0.0
0.0
0.0
0.0
0.0
0.0
0.0
0.0
0.0
0.0
0.0
0.0
0.0
0.0
0.0
0.0
0.0
0.0
0.0
0.0
0.0
0.0
0.0
0.0
0.0
0.0
0.0
0.0
0.0
0.0
0.0
0.0
0.0
0.0
0.0
0.0
0.0
0.0
0.0
0.0
0.0
0.0
0.0
0.0
0.0
0.0
0.0
0.0
0.0
0.0
0.0
0.0
0.0
0.0
0.0
0.0
0.0
0.0
0.0
0.0
0.0
0.0
0.0
0.0
0.0
0.0
0.0
0.0
0.0
0.0
0.0
0.0
0.0
0.0
0.0
0.0
0.0
0.0
0.0
0.0
0.0
0.0
0.0
0.0
0.0
0.0
0.0
0.0
0.0
0.0
0.0
0.0
0.0
0.0
0.0
0.0
0.0
0.0
0.0
0.0
0.0
0.0
0.0
0.0
0.0
0.0
0.0
0.0
0.0
0.0007581277199062679
0.0
0.0
0.0
0.0
0.0
0.0
0.0
0.0
0.0
0.0
0.0
0.0
0.0
0.5800090581493808
0.9668491424295532
0.9720181950652778
0.9782801331154126
0.9691720982743569
0.9603902880885337
0.9548667861292166
0.9553196935982514
0.9564906891413794
0.9548274028710396
0.9563141208672195
0.9562255085363213
0.9494975352644258
0.9528287025185594
0.9512829096351142
0.9458480200066952
0.9534306099810305
0.9654214993206389
0.9676860366658134
0.9651287504348569
0.9672626666404112
0.957584230943426
0.8775574503278657
0.48305141484355
0.2930015950219562
0.21058228147214622
0.14674201996731193
0.028046130923077936
0.0
0.0
0.0
0.0
0.0
0.0
0.0
0.0
0.0
0.0
0.0
0.0
0.0
0.0
0.0
0.0
0.0
0.0
0.0
0.0
0.0
0.0
0.0
0.0
0.0
0.0
0.0
0.0
0.0
0.0
0.0
0.0
0.0
0.0
0.0
0.0
0.0
0.0
0.0
0.0
0.0
0.0
0.0
0.0
0.0
0.0
0.0
0.0
0.0
0.0
0.0
0.0
0.0
0.0
0.0
0.0
0.0
0.0
0.0
0.0
0.0
0.0
0.0
0.0
0.0
0.0
0.0
0.0
0.0
0.0
0.0
0.0
0.0
0.0
0.0
0.0
0.0
0.0
0.0
0.0
0.0
0.0
0.0
0.0
0.0
0.0
0.0
0.0
0.0
0.0
0.0
0.0
0.0
0.0
0.0
0.0
0.0
0.0
0.0
0.0
0.0
0.0
0.0
0.0
0.0
0.0
0.0
0.0
0.0
0.0
0.0
0.0
0.0
0.0
0.0
0.0
0.0
0.0
0.0
0.0
0.0
0.0
0.0
0.0
0.0
0.0
0.0
0.0
0.0
0.0
0.0
0.0027292597916625644
0.1948486698304551
0.1951637358958707
0.1955378768485517
0.19751688557194336
0.20411358131658233
0.20324255492323548
0.1973101234665144
0.19417915444144696
0.19325364787428864
0.19425792095780084
0.19348338354698752
0.19540988125947661
0.19362778882696968
0.19299765669613847
0.19313418532448526
0.2187739991729516
0.19341118090699644
0.19383455093239865
0.1935293306815273
0.19384177119639776
0.19418900025599117
0.19449422050686255
0.193933009077841
0.19451259936067847
0.19540988125947661
0.19840300888092474
0.1972608943937932
0.1837819742827324
0.0
0.000735154152636381
0.0
0.0
0.8912082935082758
0.9695948119121228
0.9678632613276097
0.9679124904003309
0.9693007502510683
0.9696958956081104
0.9610794951066303
0.9666916093968454
0.9673512789713093
0.9645130588320239
0.9206033515152708
0.5186972018195065
0.2981017269558711
0.19284931309033862
0.12455939979914539
0.07116554752574682
0.0
0.0
0.0
0.0
0.0
0.0
0.0
0.0
0.0
0.0
0.0
0.0
0.0
0.0
0.0
0.0
0.0
0.0
0.0
0.0
0.0
0.0
0.0
0.0
0.0
0.0
0.0
0.0
0.0
0.0
0.0
0.0
0.0
0.0
0.0
0.0
0.0
0.0
0.0
0.0
0.0
0.0
0.0
0.0
0.0
0.0
0.0
0.0
0.0
0.0
0.0
0.0
0.0
0.0
0.0
0.0
0.0
0.0
0.0
0.0
0.0
0.0
0.0
0.0
0.0
0.0
0.0
0.0
0.0
0.0
0.0
0.0
0.0
0.0
0.0
0.0
0.0
0.0
0.0
0.0
0.0
0.0
0.0
0.0
0.0
0.0
0.0
0.0
0.0
0.0
0.0
0.0
0.0
0.0
0.0
0.0
0.0
0.0
0.0
0.0
0.0
0.0
0.0
0.0
0.0
0.0
0.0
0.0
0.0
0.0
0.0
0.0
0.0
0.0
0.0
0.0
0.0
0.0
0.0
0.0
0.0
0.0
0.0
0.0
0.0
0.0
0.0
0.0
0.0
0.0
0.0
0.0
0.0
0.0
0.0
0.0
0.0
0.0
0.0
0.0
0.0
0.0
0.0
0.0
0.0
0.0
0.0
0.0
0.0
0.0
0.0
0.0
0.0
0.0
0.0
0.0
0.0
0.0
0.0
0.0
0.0
0.0
0.0
0.0
0.0
0.0
0.0
0.0
0.0
0.0
0.0
0.0
0.0
0.0
0.0
0.0
0.0
0.0
0.0
0.0
0.0
0.0
0.0
0.0
0.0
0.0
0.0
0.0
0.0
0.0
0.0
0.0
0.0
0.0
0.0
0.0
0.0
0.0
0.0
0.0
0.0
0.0
0.0
0.0
0.0
0.0
0.0
0.0
0.0
0.0
0.0
0.0
0.0
0.0
0.0
0.0
0.0
0.0
0.0
0.0
0.0
0.0
0.0
0.0
0.0
0.0
0.0
0.0
0.0
0.0
0.0
0.0
0.0
0.0
0.0
0.0
0.0
0.0
0.0
0.0
0.0
0.0
0.0
0.0
0.0
0.0
0.0
0.0
0.0
0.0
0.0
0.0
0.0
0.0
0.0
0.0
0.0
0.0
0.0
0.0
0.0
0.0
0.0
0.0
0.0
0.0
0.0
0.0
0.0
0.0
0.0
0.0
0.0
0.0
0.0
0.0
0.0
0.0
0.0
0.0
0.0
0.0
0.0
0.0
0.0
0.0
0.0
0.0
0.0
0.0
0.0
0.0
0.0
0.0
0.0
0.0
0.0
0.0
0.0
0.0
0.0
0.0
0.0
0.0
0.0
0.0
0.0
0.0
0.0
0.0
0.0
0.0
0.0
0.0
0.0
0.0
0.0
0.0
0.0
0.0
0.0
0.0
0.0
0.0
0.0
0.0
0.0
0.0
0.0
0.0
0.0
0.0
0.0
0.0
0.0
0.0
0.0
0.0
0.0
0.0
0.0
0.0
0.0
0.0
0.0
0.0
0.0
9.189426907954762e-06
0.0
0.0
0.0
0.0
0.0
0.0
0.0
0.0
0.0
0.0
0.0
0.0
0.0
0.0
0.0
0.0
0.0
0.0
0.0
0.0
0.9001437488923459
0.9675777327058268
0.980032688104287
0.9845000623568254
0.9883720930232559
0.9792647145698364
0.982974617490105
0.9727679917113389
0.9798554634424906
0.9747041332729457
0.9772069393300908
0.9645944508989229
0.9608740457764738
0.966012248193293
0.9589921824232519
0.9631963452336412
0.9603686272965363
0.9603509048303567
0.9611090325502629
0.9611385699938957
0.961645957636742
0.9774235472500641
0.9715160585235216
0.9758344327826242
0.971525904338066
0.9724809483488569
0.7106905854321329
0.3599130942769562
0.20528523324734654
0.16240671090719336
0.1343461394561172
0.053813283972983086
0.0
0.0
0.0
0.0
0.0
0.0
0.0
0.0
0.0
0.0
0.0
0.0
0.0
0.0
0.0
0.0
0.0
0.0
0.0
0.0
0.0
0.0
0.0
0.0
0.0
0.0
0.0
0.0
0.0
0.0
0.0
0.0
0.0
0.0
0.0
0.0
0.0
0.0
0.0
0.0
0.0
0.0
0.0
0.0
0.0
0.0
0.0
0.0
0.0
0.0
0.0
0.0
0.0
0.0
0.0
0.0
0.0
0.0
0.0
0.0
0.0
0.0
0.0
0.0
0.0
0.0
0.0
0.0
0.0
0.0
0.0
0.0
0.0
0.0
0.0
0.0
0.0
0.0
0.0
0.0
0.0
0.0
0.0
0.0
0.0
0.0
0.0
0.0
0.0
0.0
0.0
0.0
0.0
0.0
0.0
0.0
0.0
0.0
0.0
0.0
0.0
0.0
0.0
0.0
0.0
0.0
0.0
0.0
0.0
0.0
0.0
0.0
0.0
0.0
0.0
0.0
0.0
0.0
0.0
0.0
0.0
0.0
0.0
0.0
0.0
0.0
0.0
0.0
0.0
0.0
0.0
0.0
0.0
0.0
0.0
0.0
0.0
0.0
0.0
0.0
0.0
0.0
0.0
0.0
0.0
0.0
0.0
0.0
0.0
0.0
0.0
0.0
0.0
0.0
0.0
0.0
0.0
0.0
0.0
0.0
0.0
0.0
0.0
0.0
0.0
0.0
0.0
0.0
0.0
0.0
0.0
0.0
0.0
0.0
0.0
0.0
0.0
0.0
0.0
0.0
0.0
0.0
0.0
0.0
0.0
0.0
0.0
0.0
0.0
0.0
0.0
0.0
0.0
0.0
0.0
0.0
0.0
0.0
0.0
0.0
0.0
0.0
0.0
0.0
0.0
0.0
0.0
0.0
0.0
0.0
0.0
0.0
0.0
0.0
0.0
0.0
0.0
0.0
0.0
0.0
0.0
0.0
0.0
0.0
0.0
0.0
0.0
0.0
0.0
0.0
0.0
0.0
0.0
0.0
0.0
0.0
0.0
0.0
0.0
0.0
0.0
0.0
0.0
0.0
0.0
0.0
0.0
0.0
0.0
0.0
0.0
0.0
0.0
0.0
0.0
0.0
0.0
0.0
0.0
0.0
0.0
0.0
0.0
0.0
0.0
0.0
0.0
0.0
0.0
0.0
0.0
0.0
0.0
0.0
0.0
0.0
0.0
0.0
0.0
0.0
0.0
0.0
0.0
0.0
0.0
0.0
0.0
0.0
0.0
0.0
0.0
0.0
0.0
0.0
0.0
0.0
0.0
0.0
0.0
0.0
0.0
0.0
0.0
0.0
0.0
0.0
0.0
0.0
0.0
0.0
0.0
0.0
0.0
0.00028552862178288013
0.013517646981601454
0.0
0.0
0.0
0.0
0.0
0.0
0.0
0.0
0.18072845899874632
0.20410373550203811
0.2064273477344781
0.19882637890632693
0.20004725990981234
0.19885919828814105
0.2001063347970778
0.19838331725183628
0.1983439339936593
0.19881325115360127
0.1273949943878857
0.0008073567926274541
0.0
0.0
0.0
0.0
0.0
0.0
0.0
0.0
0.0
0.0
0.0
0.0
0.0
0.0
0.0
0.0
0.0
0.0
0.0
0.0
0.0
0.0
0.0
0.0
0.0
0.0
0.0
0.0
0.0
0.0
0.0
0.0
0.0
0.0
0.0
0.0
0.0
0.0
0.0
0.0
0.0
0.0
0.0
0.0
0.0
0.0
0.0
0.0
0.0
0.0
0.0
0.0
0.0
0.0
0.0
0.0
0.0
0.0
0.0
0.0
0.0
0.0
0.0
0.0
0.0
0.0
0.0
0.0
0.0
0.0
0.0
0.0
0.0
0.0
0.0
0.0
0.0
0.0
0.0
0.0
0.0
0.0
0.0
0.0
0.0
0.0
0.0
0.0
0.0
0.0
0.0
0.0
0.0
0.0
0.0
0.3515841915601678
0.962656794596617
0.4169308626902704
0.19618770060847135
0.1965126124884312
0.19732981509560288
0.1956796565779887
0.8047476517732312
0.9448535927377272
0.9383553551385306
0.9537981870573486
0.9624579091428235
0.9601244510958392
0.9619360809719788
0.9615908210752943
0.3685485300198886
0.20469448437469234
0.2053935372073332
0.2048224799637674
0.201717110056515
0.20069708366973202
0.20072662111336473
0.20019494712797592
0.19963111014840926
0.19896422030994623
0.19949589429533504
0.19963373569895437
0.19922677536445924
0.19998818502254692
0.20012602642616625
0.1995648149971447
0.1997230044174888
0.200116180611622
0.19993895594982575
0.2006084713388339
0.20060518940065244
0.20339483685485302
0.20300100427308354
0.20502924206919637
0.20355499543810593
0.20417265620384775
0.2022527223677215
0.20382805269479945
0.20294849326218092
0.20279424216765454
0.20226256818226573
0.2029419293858181
0.20302200867744455
0.202813933796743
0.20383789850934367
0.19869838331725184
0.19836296923511149
0.1984227005100132
0.19851131284091134
0.19933836126262727
0.20067739204064353
0.20168035234888318
0.20229210562589844
0.2028631628694642
0.20160289860780184
0.20192846687539795
0.2027056298367564
0.20120906602603236
0.20162259023689033
0.20184576203322635
0.20112592359210324
0.20068559688609708
0.20121169157657748
0.20162259023689033
0.20186873560049623
0.20493078392375402
0.20475355926195773
0.20448312755580939
0.20612212748360673
0.20365082803300316
0.20464525530197114
0.20341715403448662
0.2029911584585393
0.11562924600752221
0.0
0.0
0.0
0.0
0.0
0.0
0.0
0.0
0.0
0.0
0.0
0.0
0.0
0.0
0.0
0.0
0.0
0.0
0.0
0.0
0.0
0.0
0.0
0.0
0.0
0.0
0.0
0.0
0.0
0.0
0.0
0.0
0.0
0.0
0.0
0.0
0.0
0.0
0.0
0.0
0.0
0.0
0.0
0.0
0.0
0.0
0.0
0.0
0.0
0.0
0.0
0.0
0.0
0.0
0.0
0.0
0.0
0.0
0.0
0.0
0.0
0.0
0.0
0.0
0.0
0.0
0.0
0.0
0.0
0.0
0.0
0.0
0.0
0.0
0.0
0.0
0.0
0.0
0.0
0.0
0.0
0.0
0.0
0.0
0.0
0.08638717681113758
0.20028355945887405
0.2004509383061261
0.2009451981962468
0.20174074001142117
0.11511726365122187
0.0
0.0
0.0
0.0
0.0
0.0
0.0
0.0
0.0
0.0
0.0
0.0
0.0
0.0
0.0
0.0
0.0
0.0
0.0
0.0
0.0
0.0
0.0
0.0
0.0005513656144772857
0.0
0.0
0.0
0.0
0.0
0.0
0.0
0.0
0.0
0.0
0.0
0.8484230287038314
0.9569639446271391
0.9592284819723136
0.9610204202193648
0.9598356405358749
0.9572297816198335
0.9609711911466436
0.9573085481361874
0.9546619931866964
0.9557135261800209
0.9515290549987201
0.9527991650749268
0.9547722663095919
0.9687198471929583
0.9646929090443652
0.9598290766595121
0.962041102993784
0.9574562353543509
0.9536951341984523
0.9579682177106513
0.9540095438762316
0.9546600240237876
0.9491463678790147
0.9470787468247249
0.950875949300619
0.9491857511371916
0.9401177559419491
0.941486324163598
0.9363015182246028
0.9182797392828309
0.5394817163223914
0.32119016206210743
0.15264950869385424
0.1342082980524979
0.13639406888131855
0.13606784422608617
0.0
0.0
0.0
0.0
0.0
0.0
0.0
0.0
0.0
0.0
0.0
0.0
0.0
0.0
0.0
0.0
0.0
0.0
0.0
0.0
0.0
0.0
0.0
0.0
0.0
0.0
0.0
0.0
0.0
0.0
0.0
0.0
0.0
0.0
0.0
0.0
0.0
0.0
0.0
0.0
0.0
0.0
0.0
0.0
0.0
0.0
0.0
0.0
0.0
0.0
0.0
0.0
0.0
0.0
0.0
0.0
0.0
0.0
0.0
0.0
0.0
0.0
0.0
0.0
0.0
0.0
0.0
0.0
0.0
0.0
0.0
0.0
0.0
0.0
0.0
0.0
0.0
0.0
0.0
0.0
0.0
0.0
0.0
0.0
0.0
0.0
0.0
0.0
0.0
0.0
0.0
0.0
0.0
0.0
0.0
0.0
0.0
0.0
0.0
0.0
0.0
0.0
0.0
0.0
0.0
0.0
0.0
0.0
0.0
0.0
0.0
0.0
0.0
0.0
0.0
0.0
0.0
0.0
0.0
0.0
0.0
0.0
0.0
0.0
0.0
0.0
0.0
0.0
0.0
0.0
0.0
0.0
0.0
0.0
0.0
0.0
0.0
0.0
0.0
0.0
0.0006524493104647881
0.0
0.0
0.0
0.0
0.0
0.0
0.0
0.0
0.0
0.0
0.0
0.0
0.0
0.0
0.0
0.8710887501723018
0.9744304196286159
0.9766339129236162
0.9754150010830397
0.9664750014768723
0.9690152216292854
0.9697050850350183
0.9680306401748617
0.9692712128074357
0.9663785124943387
0.9757989878502649
0.9753263887521415
0.9717326664434949
0.9762420495047556
0.9661763451023636
0.9612468739538822
0.9623200677392042
0.9629784245383954
0.9556249138491228
0.9557332178091094
0.9578697595652088
0.9568215085100656
0.9573479313943644
0.8491719669968297
0.4532520725439616
0.27133620831118027
0.17731327412716855
0.13924935509914735
0.0
0.0
0.0
0.0
0.0
0.0
0.0
0.0
0.0
0.0
0.0
0.0
0.0
0.0
0.0
0.0
0.0
0.0
0.0
0.0
0.0
0.0
0.0
0.0
0.0
0.0
0.0
0.0
0.0
0.0
0.0
0.0
0.0
0.0
0.0
0.0
0.0
0.0
0.0
0.0
0.0
0.0
0.0
0.0
0.0
0.0
0.0
0.0
0.0
0.0
0.0
0.0
0.0
0.0
0.0
0.0
0.0
0.0
0.0
0.0
0.0
0.0
0.0
0.0
0.0
0.0
0.0
0.0
0.0
0.0
0.0
0.0
0.0
0.0
0.0
0.0
0.0
0.0
0.0
0.0
0.0
0.0
0.0
0.0
0.0
0.0
0.0
0.0
0.0
0.0
0.0
0.0
0.0
0.0
0.0
0.0
0.0
0.0
0.0
0.0
0.0
0.0
0.0
0.0
0.0
0.0
0.0
0.0
0.0
0.0
0.0
0.0
0.0
0.0
0.0
0.0
0.0
0.0
0.0
0.0
0.0
0.0
0.0
0.0
0.0
0.0
0.0
0.0
0.0
0.0
0.0
0.0
0.0
0.0
0.0
0.0
0.0
0.0
0.0
0.0
0.0
0.0
0.0
0.0
0.0
0.0
0.043784337278223034
0.2002376123243343
0.20166197349506726
0.20426126853474588
0.2011007620660457
0.2015517003721718
0.19771380186282814
0.19740858161195676
0.1992595947462734
0.19786148908099166
0.19995274009018765
0.20389697339660912
0.2048717090364886
0.2025677884331371
0.19919001765682742
0.2537561782486265
0.25153102416162887
0.19695567414292187
0.14276431089144007
0.0
0.0
0.0
0.0
0.0
0.0
0.0
0.0
0.0
0.0
0.0
0.0
0.0
0.0
0.0
0.0
0.0
0.0
0.0
0.0
0.0
0.0
0.0
0.0
0.0
0.0
0.0
0.0
0.0
0.0
0.0
0.0
0.0
0.0
0.0
0.0
0.0
0.0
0.0
0.0
0.0
0.0
0.0
0.0
0.0
0.0
0.0
0.0
0.0
0.0
0.0
0.0
0.0
0.0
0.0
0.0
0.0
0.0
0.0
0.0
0.0
0.0
0.0
0.0
0.0
0.0
0.0
0.0
0.0
0.0
0.0
0.0
0.0
0.0
0.0
0.0
0.0
0.0
0.0
0.0
0.0
0.0
0.0
0.0
0.0
0.0
0.0
0.0
0.0
0.0
0.0
0.0
0.0
0.0
0.0
0.0
0.0
0.0
0.0
0.0
0.0
0.0
0.0
0.0
0.0
0.0
0.0
0.0
0.0
0.0
0.0
0.0
0.0
0.0
0.0
0.0
0.0
0.0
0.0
0.0
0.0
0.0
0.0
0.0
0.0
0.0
0.0
0.0
0.0
0.0
0.0
0.0
0.0
0.0
0.00035444932359254085
0.19243578887948068
0.1929484276234173
0.19521296496859186
0.19211153338715714
0.19824547584821695
0.19936461676807857
0.1953508063722112
0.18788767894767935
0.0
0.0
6.892070180966072e-05
0.0
0.0
0.004695797149964884
0.20389697339660912
0.19933836126262727
0.19971250221530829
0.19967705728294902
0.1991119075281098
0.1990331410117559
0.19950574010987931
0.19922677536445924
0.19953527755351202
0.19984049780438337
0.19968296477167558
0.19991598238255584
0.20047062993521456
0.20053955063702422
0.19999803083709114
0.2030955240927082
0.20364098221845894
0.20293208357127387
0.20374928617844554
0.2024890219167832
0.2051966209164484
0.20360159896028202
0.2037099029202686
0.20342634346139457
0.20570860327274876
0.20561014512730638
0.2060630525963413
0.20501939625465215
0.20307714523889228
0.19951558592442353
0.08492999625859048
0.0
0.0
0.0
0.0
0.0
0.0
0.0
0.0
0.0
0.0
0.0
0.0
0.0
0.0
0.0
0.0
0.0
0.0
0.0
0.0
0.0
0.0
0.0
0.0
0.0
0.0
0.0
0.0
0.0
0.0
0.0
0.0
0.0
0.0
0.0
0.0
0.0
0.0
0.0
0.0
0.0
0.0
0.0
0.0
0.0
0.0
0.0
0.0
0.0
0.0
0.0
0.0
0.0
0.0
0.0
0.0
0.0
0.0
0.0
0.0
0.0
0.0
0.0
0.0
0.14742597588431824
0.20020479294252014
0.2013075241714747
0.20340468266939724
0.20423501302929462
0.20582675304727963
0.20511785440009456
0.20609259003997402
0.20493340947429917
0.20457633460016147
0.20169151093869997
0.07089971053305241
0.0
0.0
0.1842250359372231
0.19840300888092474
0.19880406172669332
0.19879684146269422
0.19944666522261387
0.19933704848735473
0.19917098241537523
0.19987003524801608
0.19966327314258708
0.19998949779781947
0.20019494712797592
0.19978142291711795
0.20070692948427626
0.20051329513157293
0.20134690742965167
0.2044975680838076
0.19918082822991948
0.19372230864659434
0.2016718193096115
0.19947620266624658
0.20261701750585825
0.19331272276155406
0.19631569619754644
0.19935542734117062
0.20207549770592523
0.20285331705491996
0.20384774432388794
0.204152308187123
0.20032294271705098
0.2009826122915149
0.19936789870625998
0.1999435506632797
0.21844908729299176
0.20017525549888746
0.19923005730264065
0.19868459917688994
0.19938759033534845
0.1992202114880964
0.1995484053062377
0.19980111454620642
0.19933836126262727
0.19986018943347184
0.20055005283920474
0.20056908808065693
0.19993895594982575
0.19999803083709114
0.2031139029465241
0.20315853730579134
0.20382805269479945
0.20360159896028202
0.204556642971073
0.20194750211685014
0.20498985881101944
0.20261767389349455
0.20301085008762776
0.20224287655317727
0.2001063347970778
0.2026911893087582
0.2024890219167832
0.20083492507335132
0.1987673040190615
0.1982435066853081
0.05693834550932399
0.0
0.0
0.0
0.0
0.0
0.0
0.0
0.0
0.0
0.0
0.0
0.0
0.0
0.0
0.0
0.0
0.0
0.0
0.0
0.0
0.0
0.0
0.0
0.0
0.0
0.0
0.0
0.0
0.0
0.0
0.0
0.0
0.0
0.0
0.0
0.0
0.0
0.0
0.0
0.09998096475854781
0.20065770041155506
0.20177475282530125
0.20009648898253354
0.20036396694431863
0.20008664316798933
0.2000454697617134
0.20050016737884727
0.20060518940065244
0.20081523344426286
0.20117952858239962
0.20117422698995274
0.20150115852417805
0.20307977078943742
0.20425975379404676
0.2031994353046674
0.20476340507650198
0.20510800858555028
0.20326684126577793
0.2043597266801883
0.13120532461650553
0.0
0.0
0.0
0.0
0.0
0.0
0.0
0.0
0.0
0.0
0.0
0.0
0.0
0.0
0.0
0.0
0.0
0.0
0.0
0.0
0.0
0.0
0.0
0.0
0.0
0.0
0.0
0.0
0.0
0.0
0.0
0.0
0.0
0.0
0.0
0.0
0.0
0.0
0.0
0.0
0.0
0.0
0.0
0.0
0.0
0.0
0.0
0.0
0.0
0.0
0.0
0.0
0.0
0.0
0.0
0.0
0.0
0.0
0.0
0.0
0.0
0.0
0.0
0.0
0.0
0.0
0.0
0.0
0.0
0.0
0.0
0.0
0.0
0.0
0.0
0.0
0.10854551063676166
0.20139613650237287
0.19964358151349862
0.2020164228186598
0.20263605274731045
0.2021739558513676
0.2028631628694642
0.20088415414607252
0.2007561585569974
0.2021582025480968
0.20197703956048285
0.19980111454620642
0.20092353740424945
0.20083492507335132
0.20065113653519223
0.20049032156430302
0.20138629068782862
0.20177027745505385
0.20178996908414232
0.14596420061831714
0.0
0.0
0.0
0.0
0.0
0.0
0.0
0.0
0.0
0.0
0.0
0.0
0.0
0.0
0.0
0.0
0.0
0.0
0.0
0.0
0.0
0.0
0.0
0.0
0.0
0.0
0.0
0.0
0.0
0.0
0.0
0.0
0.0
0.0
0.0
0.0
0.0
0.0
0.0
0.0
0.0
0.0
0.0
0.0
0.0
0.0
0.0
0.0
0.0
0.0
0.0
0.0
0.0
0.0
0.0
0.0
0.0
0.0
0.0
0.0
0.0
0.0
0.0
0.0
0.0
0.0
0.0
0.0
0.0
0.0
0.0
0.0
0.0
0.0
0.0
0.0
0.0
0.0
0.0
0.0
0.0
0.0
0.09999409251127346
0.20137644487328438
0.20322745800760098
0.20356221570210503
0.20414311876021504
0.2026760923931237
0.20303119810435252
0.19879684146269422
0.20108107043695725
0.2007614096580877
0.19400192977965067
0.1958037138412461
0.19947620266624658
0.20066951538900812
0.19979126873166217
0.2010646607460502
0.20279424216765454
0.20404466061477267
0.2044975680838076
0.20457502182488893
0.20443849319654217
0.20284347124037574
0.20115655501512975
0.2010909162515015
0.1990331410117559
0.19878568287287743
0.19882637890632693
0.19935805289171574
0.1995845066262332
0.1989327137034047
0.1997223480298525
0.19969281058621982
0.19981489868656835
0.1995549691826005
0.19971250221530829
0.20018510131343167
0.20168954177579113
0.2036311364039147
0.20357206151664928
0.20446803064017488
0.20271875758948207
0.21186223736289705
0.20380836106571099
0.20263605274731045
0.19886576216450388
0.20168166512415572
0.2024246959284275
0.20221333910954453
0.2023052333786241
0.19554772266309592
0.19216076245987834
0.09018503567466804
0.0
0.0
0.0
0.0
0.0
0.0
0.0
0.0
0.0
0.0
0.0
0.0
0.0
0.0
0.0
0.0
0.0
0.0
0.0
0.0
0.0
0.0
0.0
0.0
0.0
0.0
0.0
0.0
0.0
0.0
0.0
0.0
0.0
0.0
0.0
0.0
0.0
0.0
0.0
0.0
0.0
0.0
0.0
0.0
0.0
0.0
0.0
0.0
0.0
0.0
0.0
0.0
0.0
0.0
0.0
0.0
0.0
0.0
0.0
0.0
0.8936159738495166
0.965716873756966
0.9593761691904772
0.9667309926550225
0.9609659400455534
0.9602229092412815
0.9590217198668847
0.9588707507105396
0.9651851997715771
0.96140440698659
0.9647427945047228
0.9728353976724494
0.9680995608766715
0.9744100716118912
0.9693007502510683
0.9685918516038833
0.9622609928519387
0.962665984023525
0.963934781324459
0.9505937026170176
0.9538900813264282
0.9525333280822323
0.9521690329440955
0.9526311298400384
0.9489789890317626
0.9550637024201012
0.70689666489442
0.34414075576472447
0.20592521119272197
0.14665406402405007
0.1287931000531674
0.02747966839296615
0.0
0.0
0.0
0.0
0.0
0.0
0.0
0.0
0.0
0.0
0.0
0.0
0.0
0.0
0.0
0.0
0.0
0.0
0.0
0.0
0.0
0.0
0.0
0.0
0.0
0.0
0.0
0.0
0.0
0.0
0.0
0.0
0.0
0.0
0.0
0.0
0.0
0.0
0.0
0.0
0.0
0.0
0.0
0.0
0.0
0.0
0.05443750861508773
0.19964358151349862
0.19953002645242174
0.1994072819644369
0.1994269735935254
0.200116180611622
0.2042533918831105
0.20253825098950437
0.20398558572750725
0.20360094257264572
0.20250871354587166
0.20276470472402183
0.20237874879388773
0.20279424216765454
0.20260717169131404
0.2020164228186598
0.20231442280553205
0.2029419293858181
0.20308961660398167
0.20300362982362866
0.2028631628694642
0.20293208357127387
0.04362680424551523
0.0
0.0
0.0
0.0
0.0
0.0
0.0
0.0
0.0
0.0
0.0
0.0
0.0
0.0
0.0
0.0
0.0
0.0
0.0
0.0
0.0
0.0
0.0
0.0
0.0
0.0
0.0
0.0
0.0
0.0
0.0
0.0
0.0
0.0
0.0
0.0
0.0
0.0
0.0
0.0
0.0
0.0
0.0
0.0
0.0
0.0
0.0
0.0
0.0
0.0
0.0
0.0
0.0
0.0
0.0
0.0
0.0
0.0
0.0
0.0
0.0
0.0
0.0
0.0
0.0
0.0
0.0
0.0
0.0
0.0
0.0
0.0
0.0
0.0
0.0
0.0
0.0
0.0
0.0
0.0
0.0
0.0
0.0
0.0
0.0
0.0
0.0
0.0
0.0
0.0
0.0
0.0
0.0
0.0
0.0
0.0
0.0
0.0
0.0
0.0
0.0
0.0
0.0
0.0
0.0
0.0
0.0
0.0
0.0
0.0
0.0
0.0
0.0
0.0
0.0
0.0
0.0
0.0
0.0
0.0
0.0
0.0
0.0
0.0
0.0
0.0
0.0
0.0
0.0
0.0
0.0
0.0
0.0
0.0
0.0
0.0
0.0
0.0
0.0
0.0
0.0
0.0
0.0
0.0
0.0
0.0
0.0
0.0
0.0
0.0
0.0
0.0
0.0
0.0
0.0
0.0
0.0
0.0
0.0
0.0
0.0
0.0
0.0
0.0
0.0
0.0
0.0
0.0
0.0
0.0
0.0
0.0
0.0
0.0
0.0
0.0
0.0
0.0
0.0
0.0
0.0
0.0
0.0
0.0
0.0
0.0
0.0
0.0
0.0
0.0
0.0
0.0
0.0
0.0
0.0
0.0
0.0
0.0
0.0
0.0
0.0
0.0
0.0
0.0
0.0
0.0
0.0
0.0
0.0
0.0
0.0
0.0
0.0
0.0
0.0
0.0
0.0
0.0
0.0
0.0
0.0
0.0
0.0
0.0
0.0
0.0
0.0
0.0
0.0
0.0
0.0
0.0
0.0
0.0
0.0
0.0
0.0
0.0
0.0
0.0
0.0
0.0
0.0
0.0
0.0
0.0
0.0
0.0
0.0
0.0
0.0
0.0
0.0
0.0
0.0
0.0
0.0
0.0
0.0
0.0
0.0
0.0
0.0
0.0
0.0
0.0
0.0
0.0
0.0
0.0
0.0
0.0
0.0
0.0
0.0
0.0
0.0
0.0
0.0
0.0
0.0
0.0
0.0
0.0
0.0
0.0
0.0
0.0
0.0
0.0
0.0
0.0
0.0
0.0
0.0
0.0
0.0
0.0
0.0
0.0
0.0
0.0
0.0
0.0
0.0
0.0
0.0
0.0
0.0
0.0
0.0
0.0
0.0
0.0
0.0
0.0
0.0
0.0
0.0
0.0
0.0
0.0
0.0
0.0
0.0
0.0
0.0
0.0
0.0
0.0
0.0
0.0
0.0
0.0
0.0
0.0
0.0
0.0
0.0
0.0
0.0
0.0
0.0
0.0
0.0
0.0
0.0
0.0
0.0
0.0
0.0
0.0
0.0
0.0
0.0
0.0
0.0
0.0
0.0
0.0
0.0
0.0
0.0
0.06793743313050955
0.20190811885867319
0.20219364748045607
0.20228685452480819
0.20255794261859283
0.20252840517496012
0.20354252407301657
0.20178143604487064
0.19928913218990607
0.2017801232695981
0.20232361223244
0.199742039658941
0.1994072819644369
0.19967705728294902
0.19959435244077744
0.19959435244077744
0.19957466081168895
0.09977748459130024
0.0
0.0
0.0
0.0
0.0
0.0
0.0
0.0
0.0
0.0
0.0
0.0
0.0
0.0
0.0
0.0
0.0
0.0
0.0
0.0
0.0
0.0
0.0
0.0
0.0
0.0
0.0
0.0
0.0
0.0
0.0
0.0
0.0
0.0
0.0
0.0
0.0
0.0
0.0
0.0
0.0
0.0
0.0
0.0
0.0
0.0
0.0
0.0
0.0
0.0
0.0
0.0
0.0
0.0
0.0
0.0
0.0
0.0
0.0
0.0
0.0
0.0
0.0
0.0
0.0
0.0
0.0
0.0
0.0
0.0
0.0
0.0
0.19513419845223795
0.20128783254238625
0.20058681054683655
0.20106137880786878
0.20252840517496012
0.20311915404761438
0.2016160263605275
0.20097276647697065
0.20176043164050964
0.2017998148986866
0.20181950652777506
0.20190811885867319
0.20234133469861962
0.19884607053541542
0.19932785906044673
0.19855069609908826
0.1993777445208042
0.19912569166847174
0.1988165330917827
0.20172104838233268
0.2024430747822434
0.20247917610223892
0.20240040958588507
0.20308961660398167
0.2013679118340127
0.02912391942185377
0.0
0.0
0.0
0.0
0.0
0.0
0.0
0.0
0.0
0.0
0.0
0.0
0.0
0.0
0.0
0.0
0.0
0.0
0.0
0.0
0.0
0.0
0.0
0.0
0.0
0.0
0.0
0.0
0.0
0.0
0.0
0.0
0.0
0.0
0.0
0.0
0.0
0.0
0.0
0.0
0.0
0.0
0.0
0.0
0.0
0.0
0.0
0.0
0.0
0.0
0.0
0.0
0.0
0.0
0.0
0.0
0.0
0.0
0.0
0.0
0.0
0.0
0.0
0.0
0.0
0.0
0.0
0.0
0.0
0.0
0.15803516924955202
0.20049032156430302
0.20099114533078657
0.20099245810605912
0.20125829509875354
0.2002284228974263
0.20008664316798933
0.19348994742335035
0.19634523364117915
0.1974899736788558
0.19156016777267984
0.19171770080538764
0.1915700135872241
0.19148927790796133
0.19206230431443594
0.1918358505799185
0.1919395598264511
0.19439576236142017
0.19577417639761338
0.19791071815371286
0.20099114533078657
0.2018785814150405
0.042583147903826085
0.0
0.0
0.0
0.0
0.0
0.0
0.0
0.0
0.0
0.0
0.0
0.0
0.0
0.0
0.0
0.0
0.0
0.0
0.0
0.0
0.0
0.0
0.0
0.0
0.0
0.0
0.0
0.0
0.0
0.0
0.0
0.0
0.0
0.0
0.0
0.0
0.0
0.0
0.0
0.0
0.0
0.0
0.0
0.0
0.0
0.0
0.0
0.0
0.0
0.0
0.0
0.0
0.0
0.0
0.0
0.0
0.0
0.0
0.0
0.0
0.0
0.0
0.0
0.0
0.0
0.0
0.0
0.0
0.0
0.0
0.0
0.0
0.0
0.1276017564933147
0.19900360356812322
0.19841285469546896
0.1992175859375513
0.19946635685170236
0.19915129078628674
0.20083492507335132
0.20285331705491996
0.2025480968040486
0.20216411003682336
0.20028355945887405
0.20126814091329776
0.200116180611622
0.20087430833152828
0.19996192951709563
0.1998995726916488
0.20017525549888746
0.19998949779781947
0.2002540220152413
0.20077585018608593
0.20377882362207828
0.2027555152971139
0.20371974873481283
0.20376897780753403
0.20372040512244913
0.20227241399680995
0.20185888978595198
0.2020571188521093
0.20250871354587166
0.20089399996061674
0.20100952418460247
0.20114999113876691
0.201277986727842
0.20097276647697065
0.20100230392060336
0.2010909162515015
0.20104628189223428
0.20180966071323084
0.20135675324419589
0.20128783254238625
0.20189170916776614
0.20442864738199792
0.2048717090364886
0.2054296385273287
0.20543292046551012
0.20223303073863302
0.20115655501512975
0.20154382372053642
0.20014571805525472
0.19932785906044673
0.19724120276470472
0.19573479313943642
0.19931866963353878
0.19931866963353878
0.1982651674773054
0.19740858161195676
0.19951164759860585
0.1995845066262332
0.2002934052734183
0.19994880176437
0.20021923347051834
0.2002441762006971
0.20318807474942405
0.20068789424282407
0.2002540220152413
0.201652127680523
0.2011841232958536
0.2014355197605498
0.2013272158005632
0.2022822598113542
0.2024063170746116
0.18767107102770614
0.0
0.0
0.0
0.0
0.0
0.0
0.0
0.0
0.0
0.0
0.02895654057460174
0.20271875758948207
0.20203611444774827
0.17421184254573382
0.0
0.1876205291797124
0.20094322903333792
0.20106137880786878
0.20107122462241303
0.20104628189223428
0.20144536557509402
0.20118937439694387
0.2015700792259877
0.20178996908414232
0.2017505858259654
0.20389697339660912
0.20363770028027753
0.20434003505109977
0.10228816730008074
0.0
0.0
0.0
0.0
0.0
0.028690703581907333
0.1987180749463403
0.199070555107024
0.1990331410117559
0.19913159915719827
0.19942894275643425
0.19933836126262727
0.19909221589902135
0.19965867842913312
0.20023433038615285
0.1998995726916488
0.1997715771025737
0.2018181937525025
0.2029419293858181
0.20319792056396827
0.20347229059593436
0.20166197349506726
0.2024890219167832
0.2018293523423193
0.20221333910954453
0.20195734793139436
0.20100952418460247
0.20072662111336473
0.2007955418151744
0.2014506166761843
0.2011401453242227
0.2012484492842093
0.20100952418460247
0.20134690742965167
0.20125829509875354
0.20159764750671158
0.20161274442234606
0.20133706161510742
0.20412342713112658
0.20497935660883893
0.20539429457768274
0.20456583239798096
0.2040249689856842
0.20292223775672963
0.20480475749758778
0.2032077663785125
0.203020695902172
0.1999586475789142
0.19901541854557628
0.19864915424453067
0.19923005730264065
0.199888414101832
0.19900360356812322
0.19971250221530829
0.19904298682630014
0.19964358151349862
0.19924974893172914
0.19979126873166217
0.19991598238255584
0.19982080617529488
0.2000669515389008
0.20051329513157293
0.20062816296792235
0.2008546167024398
0.2024614536360593
0.20304038753126047
0.20322417606941956
0.2012378460993155
0.2016160263605275
0.20117952858239962
0.20184904397140777
0.2021030659866491
0.20232164306953115
0.20166197349506726
0.17458598349841484
0.0
0.16002402378748792
0.20329637870941064
0.2034998588766582
0.20036232597522796
0.19852115865545558
0.19875811459215356
0.19898391193903475
0.199161136600831
0.19885591634995964
0.19910731281465585
0.20191796467321743
0.20260717169131404
0.20296687211599684
0.202439792844062
0.20306007916034893
0.20121169157657748
0.20261701750585825
0.2023610263277081
0.20189827304412897
0.2019376563023059
0.20185888978595198
0.20189827304412897
0.2015700792259877
0.20241025540042928
0.2022034932950003
0.2020164228186598
0.2026636210280343
0.20219364748045607
0.20305023334580471
0.20247983248987525
0.20301085008762776
0.20419234783293624
0.20097276647697065
0.20067870481591607
0.2011401453242227
0.19923990311718487
0.19835377980820354
0.20103184136423605
0.20082507925880708
0.20238564086406868
0.2027056298367564
0.20133115412638086
0.20118937439694387
0.20166197349506726
0.2011197973074979
0.2001063347970778
0.2002441762006971
0.20035707487413768
0.20023433038615285
0.2006380087824666
0.20072465195045588
0.2009629206624264
0.20168166512415572
0.20072662111336473
0.20138629068782862
0.20177027745505385
0.20322745800760098
0.20508962973173436
0.20604336096725281
0.20440895575290943
0.20503908788374064
0.20365607913409345
0.20353267825847235
0.20408404387294962
0.20017328633597858
0.20013587224071047
0.1997715771025737
0.1996402995753172
0.1997715771025737
0.2004017092334049
0.2000078766516354
0.19926353307209105
0.042573302089281846
0.0
0.0
0.0
0.0
0.0
0.0
0.0
0.0
0.0
0.0
0.0
0.0
0.0
0.0
0.0
0.0
0.0
0.0
0.0
0.0
0.0
0.0
0.0
0.0
0.0
0.0
0.0
0.0
0.0
0.0
0.0
0.0
0.0
0.0
0.0
0.0
0.0
0.0
0.14273477344780736
0.19844239213910167
0.19870297803070583
0.19843254632455745
0.20135675324419589
0.2019376563023059
0.20131277527256497
0.2029911584585393
0.20036232597522796
0.20056843169302063
0.20122875765512083
0.2013272158005632
0.2011007620660457
0.20083492507335132
0.2006084713388339
0.20018510131343167
0.20066951538900812
0.20102199554969183
0.20101214973514758
0.20099245810605912
0.20132196469947292
0.20152413209144793
0.20304038753126047
0.20548477508877644
0.20525569580371386
0.20602366933816435
0.2059626252879901
0.20376897780753403
0.20563968257093912
0.2018293523423193
0.20125763871111724
0.2003032510879625
0.20004725990981234
0.200292748885782
0.20033278853159522
0.20012602642616625
0.20038464315486154
0.20036232597522796
0.20108107043695725
0.20075222023117975
0.20126814091329776
0.2013075241714747
0.20134034355328886
0.20245948447315046
0.2053935372073332
0.20538369139278895
0.20372959454935707
0.2049012464801213
0.20403481480022845
0.20456583239798096
0.2048520174074001
0.160565543587421
0.0
0.0
0.0
0.0
0.0
0.0
0.0
0.0
0.0
0.0
0.0
0.0
0.0
0.0
0.0
0.0
0.0
0.0
0.0
0.0
0.0
0.0
0.0
0.0
0.0
0.0
0.0
0.0
0.0
0.0
0.0
0.0
0.0
0.0
0.0
0.0
0.0
0.0
0.0
0.0
0.0
0.0
0.0
0.0
0.14461532402575666
0.199742039658941
0.20004463435926723
0.1999291101352815
0.20042140086249335
0.2010646607460502
0.2015930527932576
0.20290254612764114
0.203975739912963
0.10895903484761962
0.0
0.0
0.10758981023833435
0.20377882362207828
0.20192781048776165
0.2020459602622925
0.202525779624415
0.20354252407301657
0.20298131264399505
0.20679886313661397
0.20502924206919637
0.2029714668294508
0.20168035234888318
0.20123860346966504
0.20152413209144793
0.20127601756493316
0.20242994702951778
0.2011401453242227
0.20049032156430302
0.2010646607460502
0.20018510131343167
0.20072662111336473
0.20166197349506726
0.2010909162515015
0.20162259023689033
0.2016527840681593
0.20189827304412897
0.20183919815686352
0.20225928624408432
0.20357206151664928
0.19057558631825613
0.0
0.0
0.0
0.0
0.0
0.0
0.0
0.0
0.0
0.0
0.0
0.0
0.0
0.0
0.0
0.0
0.0
0.0
0.0
0.0
0.0
0.0
0.0
0.0
0.0
0.0
0.0
0.0
0.0
0.0
0.0
0.0
0.0
0.0
0.0
0.0
0.0
0.0
0.0
0.0
0.0
0.0
0.0
0.0
0.0
0.0
0.0
0.0
0.0
0.0
0.0
0.0
0.0
0.0
0.0
0.0
0.10849037407531394
0.20457633460016147
0.20104168717878032
0.2007561585569974
0.19989760352873995
0.20001772246617966
0.19959435244077744
0.2007463127424532
0.1999435506632797
0.20023433038615285
0.19947620266624658
0.19930948020663083
0.19948604848079082
0.1995549691826005
0.20077585018608593
0.2009635770500627
0.20012602642616625
0.2006084713388339
0.2014138589685525
0.14494023590571647
0.15873422208219287
0.2018785814150405
0.20216739197500477
0.2020164228186598
0.20417265620384775
0.20669777944062645
0.20564952838548334
0.20377882362207828
0.2053469336851571
0.20710670893803046
0.20790421991611366
0.2040052773565957
0.20414311876021504
0.20077585018608593
0.20188842722958472
0.20036626430104562
0.20062816296792235
0.20092353740424945
0.2028106518585616
0.2013075241714747
0.20330622452395486
0.204349880865644
0.20430852844455824
0.204556642971073
0.203020695902172
0.20490584119357527
0.20557076186912945
0.2056889116436603
0.2049425989012071
0.20509816277100604
0.20638796447630112
0.07401098792903138
0.0
0.0
0.0
0.0
0.0
0.0
0.0
0.0
0.0
0.0
0.0
0.0
0.0
0.0
0.0
0.0
0.0
0.0
0.0
0.0
0.0
0.0
0.0
0.0
0.0
0.0
0.0
0.16199121753342655
0.2029714668294508
0.20306007916034893
0.20692751511332536
0.20552153279640825
0.2032569954512337
0.20437941830927675
0.20367445798790934
0.2040545064293169
0.2045074138983518
0.20591536537817776
0.20653236975628328
0.205511686981864
0.19947620266624658
0.19842729522346716
0.19836362562274779
0.1425575487860111
0.0
0.0
0.0
0.0
0.0
0.0
0.0
0.1762203887127582
0.20420219364748046
0.2040879821987673
0.20462556367288268
0.19975188547348524
0.1990331410117559
0.19935542734117062
0.19920051985900794
0.1999586475789142
0.19953527755351202
0.1990337973993922
0.1997715771025737
0.1803162475631609
0.037532245042632376
0.0
0.0
0.0
0.0
0.0
0.0
0.0
0.0
0.0
0.0
0.0
0.0
0.0
0.0
0.0
0.0
0.0
0.0
0.0
0.0
0.0
0.0
0.0
0.0
0.0
0.0
0.0
0.0
0.0
0.0
0.0
0.0
0.0
0.0
0.0
0.0
0.0
0.0
0.0
0.0
0.0
0.0
0.0
0.0
0.0
0.0
0.0
0.0
0.0
0.0
0.0
0.0
0.0
0.0
0.0
0.0
0.0
0.0
0.0
0.0
0.0
0.0
0.0
0.0
0.0
0.0
0.0
0.0
0.0
0.0
0.0
0.0
0.0
0.0
0.0
0.0007535330064522905
0.0
0.0
0.0
0.13038812200933383
0.1997715771025737
0.1997715771025737
0.19999868722472747
0.20191796467321743
0.20232164306953115
0.20140466954164454
0.20274501309493337
0.20118937439694387
0.20100952418460247
0.20192781048776165
0.20157336116416913
0.20184904397140777
0.20182738317941046
0.20194750211685014
0.20250871354587166
0.20241550650151954
0.20315853730579134
0.2029714668294508
0.20318741836178775
0.16002402378748792
0.0
0.0
0.0
0.0
0.0
0.0
0.0
0.0
0.0
0.0
0.0
0.0
0.0
0.0
0.0
0.0
0.0
0.0
0.0
0.0
0.0
0.0
0.0
0.0
0.0
0.0
0.0
0.0
0.0
0.0
0.0
0.0
0.0
0.0
0.0
0.0
0.0
0.0
0.0
0.0
0.0
0.0
0.0
0.0
0.0
0.0
0.0
0.0
0.0
0.0
0.0
0.0
0.0
0.0
0.0
0.0
0.0
0.0
0.0
0.0
0.0
0.0
0.0
0.0
0.0
0.0
0.0
0.0
0.0
0.0
0.0
0.0
0.0
0.0
0.0
0.0
0.0
0.0
0.0
0.0
0.0
0.0
0.0
0.0
0.0
0.0
0.0
0.0
0.0
0.0
0.0
0.0
0.0
0.0
0.0
0.0
0.0
0.0
0.0
0.0
0.0
0.0
0.0
0.0
0.0
0.0
0.0
0.0
0.0
0.0
0.0
0.0
0.0
0.0
0.0
0.0
0.0
0.0
0.0
0.0
0.0
0.0
0.0
0.0
0.0
0.0
0.0
0.0
0.0
0.0
0.0
0.0
0.0
0.0
0.0
0.0
0.0
0.0
0.0
0.0
0.0
0.0
0.0
0.0
0.0
0.0
0.0
0.0
0.0
0.0
0.0
0.0
0.0
0.0
0.0
0.0
0.0
0.0
0.0
0.0
0.0
0.0
0.0
0.0
0.0
0.0
0.0
0.0
0.0
0.0
0.0
0.0
0.0
0.0
0.0
0.0
0.0
0.0
0.0
0.0
0.0
0.0
0.0
0.0
0.0
0.0
0.0
0.0
0.0
0.0
0.0
0.0
0.0
0.0
0.0
0.0
0.0
0.0
0.0
0.0
0.0
0.0
0.0
0.0
0.0
0.0
0.0
0.0
0.0
0.0
0.0
0.0
0.0
0.0
0.0
0.0
0.0
0.0
0.0
0.0
0.0
0.0
0.0
0.0
0.0
0.0
0.0
0.0
0.0
0.0
0.0
0.0
0.0
0.0
0.0
0.0
0.0
0.0
0.0
0.0
0.0
0.0
0.0
0.0
0.0
0.0
0.0
0.0
0.0
0.0
0.0
0.0
0.0
0.0
0.0
0.0
0.0
0.0
0.0
0.0
0.0
0.0
0.12225547919579388
0.20157336116416913
0.20146505720418253
0.20349066944975025
0.20252840517496012
0.114250831971329
0.0
0.0
0.0
0.0005329867606613762
0.0
0.0
0.0
0.0
0.0
0.0
0.0
0.0
0.0
0.0
0.0
0.0
0.6322194435145619
0.9800983268679151
0.9799834590315657
0.973396609101471
0.9761009261629549
0.9696847370182936
0.9676958824803576
0.9672423186236865
0.9664454640332396
0.9668491424295532
0.9618205567479932
0.9617687021247269
0.9600653762085738
0.9599078431758661
0.9622708386664829
0.958037138412461
0.957416852096174
0.9531549271737918
0.9596223145540832
0.9572002441762006
0.9661947239561796
0.9787724238426245
0.8504519228875805
0.44272689679617194
0.25467577732705826
0.1781797058070614
0.13488765925605026
0.018149118143210654
0.0
0.0
0.0
0.0
0.0
0.0
0.0
0.0
0.0
0.0
0.0
0.0
0.0
0.0
0.0
0.0
0.0
0.0
0.0
0.0
0.0
0.0
0.0
0.0
0.0
0.0
0.0
0.0
0.0
0.0
0.0
0.0
0.0
0.0
0.0
0.0
0.0
0.0
0.0
0.0
0.0
0.0
0.0
0.0
0.0
0.0
0.0
0.0
0.09483488569009314
0.19966327314258708
0.20064785459701082
0.17433983813480888
0.0
0.19284996947797495
0.2012976783569305
0.2007955418151744
0.19973219384439675
0.2014059823169171
0.20106137880786878
0.1997617312880295
0.1985100000656388
0.20092353740424945
0.20114999113876691
0.20052248455848087
0.20150444046235946
0.19514404426678222
0.1967587578520371
0.1794051815240008
0.0
0.0
0.0
0.0
0.0
0.0
0.0
0.0
0.0
0.0
0.0
0.0
0.0
0.0
0.0
0.0
0.0
0.0
0.0
0.0
0.0
0.0
0.0
0.0
0.0
0.0
0.0
0.0
0.0
0.0
0.0
0.0
0.0
0.0
0.0
0.0
0.0
0.0
0.0
0.0
0.0
0.0
0.0
0.0
0.0
0.0
0.0
0.0
0.0
0.0
0.0
0.0
0.0
0.0
0.0
0.0
0.0
0.0
0.0
0.0
0.10130358584565702
0.20310471351961615
0.20701809660713233
0.20610470796556693
0.19885919828814105
0.1978910265246244
0.1992595947462734
0.2000722026399911
0.19975188547348524
0.20117952858239962
0.19968296477167558
0.19987922467492403
0.19971250221530829
0.12727684461335487
0.0
0.0
0.0
0.0
0.0
0.0
0.0
0.0
0.0
0.0
0.0
0.0
0.0005907488726542347
0.1227339857826438
0.19816670933186303
0.19840300888092474
0.19604985920485202
0.19532126892857848
0.19532126892857848
0.19532126892857848
0.19642400015753303
0.19918082822991948
0.19918082822991948
0.19918082822991948
0.19918082822991948
0.19918082822991948
0.19918082822991948
0.19918082822991948
0.19918082822991948
0.19918082822991948
0.19918082822991948
0.19918082822991948
0.19918082822991948
0.19918082822991948
0.19918082822991948
0.19918082822991948
0.19918082822991948
0.19918082822991948
0.19918082822991948
0.19918082822991948
0.19918082822991948
0.19918082822991948
0.19918082822991948
0.19918082822991948
0.19918082822991948
0.19918082822991948
0.19918082822991948
0.19918082822991948
0.19918082822991948
0.19918082822991948
0.19918082822991948
0.19918082822991948
0.19918082822991948
0.19918082822991948
0.11381761613138255
0.0
0.0
0.0
0.0
0.0
0.0
0.0
0.0
0.0
0.0
0.0
0.0
0.0
0.0
0.0
0.0
0.0
0.0
0.0
0.0
0.0
0.0
0.0
0.0
0.0
0.0
0.0
0.0
0.0
0.0
0.0
0.0
0.0
0.0
0.0
0.0
0.0
0.0
0.0
0.0
0.0
0.0
0.15727704152964575
0.20008139206689904
0.11469389362581967
0.0
0.08571766142212946
0.19953002645242174
0.1974676564992222
0.20018510131343167
0.19894190313031265
0.20054939645156844
0.2008053876297186
0.20051985900793576
0.20099114533078657
0.20071677529882048
0.20151428627690368
0.20308633466580023
0.20374928617844554
0.204556642971073
0.20327668708032218
0.09601113233431136
0.0
0.0
0.0
0.0
0.0
0.0
0.0
0.0
0.0
0.0
0.0
0.0
0.0
0.0
0.0
0.0
0.0
0.0
0.0
0.0
0.0
0.0
0.0
0.0
0.0
0.0
0.0
0.0
0.0
0.0
0.0
0.0
0.0
0.0
0.0
0.0
0.0
0.0
0.0
0.0
0.0
0.0
0.0
0.0
0.0
0.0
0.0
0.0
0.0
0.0
0.0
0.0
0.0
0.0
0.0
0.0
0.0
0.0
0.0
0.0
0.0
0.0
0.0
0.0
0.0
0.0
0.0
0.0
0.0
0.0
0.0
0.0
0.0
0.0
0.0
0.0
0.09406297382982494
0.20038201760431643
0.19946635685170236
0.19938759033534845
0.1992543436451831
0.1989149912372251
0.19893468286631355
0.1994565110371581
0.19978142291711795
0.19939218504880243
0.19979126873166217
0.19954512336805624
0.19996849339345846
0.19987922467492403
0.1996473683652464
0.1976547269755627
0.1993974361498927
0.19962388988441016
0.19997111894400357
0.05728294901837229
0.0
0.873215446113857
0.992113502550066
0.9835076042507663
0.9740858161195676
0.9702754858909478
0.9642006183171534
0.9666620719532127
0.9631162659420147
0.9684933934584409
0.9576826890888683
0.9597988828282431
0.9515782840714413
0.9490577555481166
0.9514732620496361
0.9499340330425536
0.9491955969517358
0.9477974912864542
0.9464374561040768
0.9495697379044169
0.9549455526455705
0.9517305660030588
0.9496288127916823
0.9555461473327689
0.9675180014309251
0.969330287694701
0.9686903097493256
0.9661028296871
0.9085422286985803
0.4868558375834433
0.2720201642281866
0.17054657398473244
0.13641376051040702
0.009432290333379282
0.0
0.0
0.0
0.0
0.0
0.0
0.0
0.0
0.0
0.0
0.0
0.0
0.0
0.0
0.0
0.0
0.0
0.0
0.0
0.0
0.0
0.0
0.0
0.0
0.15806470669318473
0.20130358584565702
0.2012484492842093
0.2012484492842093
0.2012484492842093
0.2031782289348798
0.20319792056396827
0.20345391174211844
0.20345391174211844
0.20345391174211844
0.20036626430104562
0.07212059153653781
0.20370005710572436
0.20362851085336958
0.2025185593604159
0.20229210562589844
0.20174467833723883
0.1993974361498927
0.19964358151349862
0.15976737622170148
0.0
0.0
0.0
0.0
0.0
0.0
0.11468404781127543
0.20162259023689033
0.20053167398538882
0.19774333930646085
0.20105153299332457
0.20085330392716724
0.2003032510879625
0.20042140086249335
0.20042140086249335
0.19899375775357897
0.19869838331725184
0.1954591103321978
0.1954591103321978
0.1954591103321978
0.1954591103321978
0.1954591103321978
0.12747376090423962
0.0
0.0
0.0
0.0
0.0
0.0
0.0
0.0
0.0
0.0
0.0
0.0
0.0
0.0
0.0
0.0
0.0
0.0
0.0
0.0
0.0
0.0
0.0
0.0
0.0
0.0
0.0
0.0
0.0
0.0
0.0
0.0
0.0
0.0
0.0
0.0
0.0
0.0
0.0
0.0
0.0
0.0
0.0
0.0
0.0
0.0
0.0
0.0
0.0
0.0
0.0
0.0
0.0
0.0
0.0
0.0
0.0
0.0
0.0
0.0
0.0
0.0
0.0
0.0
0.0
0.0
0.0
0.05804107673827856
0.20402365621041166
0.2033160703384991
0.20002756828072388
0.1983143965500266
0.19751688557194336
0.19814242298932058
0.05694819132386823
0.0
0.0
0.0
0.0
0.0
0.18759230451135223
0.1971525904338066
0.1976921410708308
0.1969162908847449
0.19785164326644744
0.1990337973993922
0.20072662111336473
0.2024890219167832
0.20130358584565702
0.20253825098950437
0.20101214973514758
0.12071231186289376
0.0
0.0
0.0
0.0
0.0
0.0
0.0
0.0
0.0
0.0
0.0
0.0
0.0
0.0
0.0
0.0
0.0
0.0
0.0
0.0
0.0
0.0
0.0
0.0
0.0
0.0
0.0
0.0
0.0
0.0
0.0
0.0
0.0
0.0
0.0
0.0
0.0
0.0
0.0
0.0
0.0
0.0
0.0
0.0
0.0
0.0
0.0
0.0
0.0
0.0
0.0
0.0
0.0
0.019514404426678223
0.19852837891945468
0.19900360356812322
0.19988972687710455
0.19962388988441016
0.19941056390261835
0.19910206171356556
0.19979126873166217
0.20142304839546044
0.2000669515389008
0.20003741409526812
0.20006301321308315
0.19953527755351202
0.2004607841206703
0.20080735679262746
0.06203847744323888
0.19933836126262727
0.1591149269112367
0.0
0.0
0.1858692869661107
0.11233089813520274
0.0
0.0
0.0
0.0
0.0
0.0
0.0
0.0
0.0
0.0
0.0
0.0
0.0
0.0
0.0
0.0
0.0
0.0
0.0
0.0
0.0
0.0
0.0
0.0
0.0
0.0
0.0
0.0
0.0
0.0
0.0
0.0
0.0
0.0
0.0
0.0
0.0
0.0
0.0
0.0
0.0
0.0
0.0
0.0
0.0
0.0
0.0
0.0
0.0
0.0
0.0
0.0
0.0
0.0
0.0
0.0
0.0
0.0
0.0
0.0
0.0
0.0
0.0
0.0
0.0
0.0
0.0
0.0
0.0
0.0
0.0
0.0
0.0
0.0
0.0
0.0
0.0
0.0
0.0
0.0
0.0
0.0
0.0
0.0
0.0
0.0
0.0
0.0
0.0
0.0
0.0
0.0
0.0
0.0
0.0
0.1068914137933298
0.20202626863320403
0.2012484492842093
0.2016711629219752
0.20385759013843216
0.2050587795128291
0.2033160703384991
0.20076600437154166
0.19888545379359235
0.1984719295827344
0.19849162121182287
0.19904298682630014
0.19745321597122398
0.19869838331725184
0.19971250221530829
0.19941712777898118
0.20050410570466495
0.20242010121497353
0.20065770041155506
0.20069708366973202
0.20280408798219876
0.20242010121497353
0.16257934085553566
0.0
0.0
0.0
0.0
0.0
0.0
0.0
0.0
0.0
0.0
0.0
0.0
0.0
0.0
0.0
0.0
0.0
0.0
0.0
0.0
0.0
0.0
0.0
0.0
0.0
0.0
0.0
0.0
0.0
0.0
0.0
0.0
0.0
0.0
0.0
0.0
0.0
0.0
0.0
0.0
0.0
0.0
0.0
0.0
0.0
0.0
0.0
0.0
0.0
0.0
0.0
0.0
0.0
0.0
0.0
0.0
0.0
0.0
0.0
0.0
0.0
0.0
0.0
0.0
0.0
0.0
0.0
0.0
0.0
0.0
0.0
0.0
0.0
0.0
0.0
0.17174054309513026
0.20081523344426286
0.20054086341229677
0.20123860346966504
0.20134690742965167
0.2013495329801968
0.20155366953508067
0.20162259023689033
0.20261767389349455
0.20443849319654217
0.19662091644841778
0.19643318958444098
0.19878699564814997
0.19696551995746608
0.1953508063722112
0.11802899920577097
0.0
0.0
0.0
0.0
0.0
0.0
0.0
0.0
0.0
0.0
0.0
0.0
0.0
0.0
0.0
0.0
0.0
0.0
0.0
0.0
0.0
0.0
0.0
0.0
0.0
0.0
0.0
0.0
0.0
0.0
0.0
0.0
0.0
0.0
0.0
0.0
0.0
0.0
0.0
0.0
0.0
0.0
0.0
0.0
0.0
0.0
0.0
0.0
0.0
0.0
0.0
0.0
0.0
0.0
0.0
0.0
0.0
0.0
0.0
0.0
0.0
0.0
0.0
0.0
0.0
0.0
0.0
0.0
0.0
0.0
0.0
0.0
0.0
0.0
0.0
0.0
0.0
0.0
